
$molecule
 P 1.78268538445259 -0.11699313045970 -2.86111478402709
 C 0.23667154151765 -1.15903759518064 -3.00313775333635
 H -0.19860280139098 -0.91302855177367 -3.97563409454587
 H 0.56573648059144 -2.20031626345745 -3.05881927753593
 C -0.80972193083736 -0.98532334094561 -1.91134488429648
 H -1.08128507354588 0.06328820554780 -1.80118196567071
 H -0.44923660742082 -1.35278163624945 -0.95369888820389
 H -1.70734538164238 -1.54607377435520 -2.16835992712521
 C 0.97595832677084 1.51936839298686 -2.66346534410300
 C 1.12014930945650 2.34588137412667 -1.55556792520588
 C 0.24355056726113 1.98576427265580 -3.75380416866098
 C 0.50866739772390 3.58771623419952 -1.52396028186224
 C -0.36928115476052 3.22282910630430 -3.72029031468353
 C -0.24301340590466 4.02722522537411 -2.59915952997105
 H 1.70927089180526 2.03020826734425 -0.70814120660532
 H 0.15844124294840 1.36663486495763 -4.63670746041778
 H 0.62215246472819 4.21597984216990 -0.65179416894753
 H -0.94178152297048 3.56478333516832 -4.57062547733309
 H -0.72080259473372 4.99547277922938 -2.56844634201147
 C 2.28879166983909 -0.48428709062002 -1.10465188186893
 H 3.12141904214689 0.18830635777068 -0.87814836669847
 H 1.47270236206671 -0.26937359024640 -0.41096170989175
 C 2.75931220047771 -1.92574910089848 -0.95738214306977
 H 3.53563593802536 -2.14789164989051 -1.68730783710532
 H 1.93871959173821 -2.62327778052646 -1.11020669525240
 H 3.16606506165676 -2.09301375323126 0.03888442842955
$end
$temperature
298.15
$end
$mult
 1
$end
$sigma
 1
$end
$pressure
1.00000
$end
$scale
1.0
$end
$msrrho
$end
$freq
27.93
69.52
80.69
127.10
129.21
199.57
204.14
227.77
261.26
277.08
284.01
356.54
363.06
407.00
472.77
585.99
638.43
657.13
683.09
704.73
729.26
746.91
791.36
871.21
894.55
925.13
931.19
968.65
974.28
998.60
1012.30
1021.79
1065.59
1072.83
1085.80
1115.65
1123.22
1181.87
1203.22
1225.72
1227.95
1250.91
1266.82
1282.18
1316.97
1408.52
1410.68
1421.77
1451.09
1454.70
1461.88
1497.36
1501.01
1504.77
1508.57
1577.54
1589.13
2938.97
2942.44
2949.57
2960.58
3011.47
3013.27
3023.92
3024.78
3034.15
3039.04
3058.17
3068.32
3074.68
3087.05
3094.12
$end
