
$molecule
 P 1.60187955803764 -0.26474622441821 -2.99935771795404
 C 0.56046420771706 -1.17393728536692 -4.25771448546579
 H 0.73188315041856 -0.66692589560772 -5.21114719805891
 H 0.99197500608257 -2.17424418484707 -4.35226591323088
 C -0.93355846865798 -1.25885825638123 -3.97890135601440
 H -1.35142435453019 -0.26755029026817 -3.81154286271991
 H -1.14005876551351 -1.87365989447911 -3.10631927089709
 H -1.44307564267929 -1.70562751074732 -4.83159226873951
 C 0.62203326363441 1.28348197250903 -2.90148676865206
 C 0.09157589222809 1.79905841606933 -1.72452197795030
 C 0.49964085169310 2.03115346456425 -4.07143270659970
 C -0.58390693344836 3.00744422225441 -1.72968862159807
 C -0.17857960680710 3.23423017248563 -4.07701585300733
 C -0.72939186300579 3.72444552003323 -2.90401618964748
 H 0.20070737236002 1.26378056402215 -0.79368518711878
 H 0.94343253948365 1.66147443652788 -4.98570191552387
 H -0.99806913905686 3.39096442198984 -0.80794275434850
 H -0.27410280995153 3.79495949160796 -4.99585671517534
 H -1.26060781153068 4.66493088140766 -2.90441941002333
 C 1.06668808747778 -1.11784545129409 -1.42928826121543
 H 1.55327376557373 -0.58265853029790 -0.60855437885524
 H -0.01518699491377 -1.04182658360377 -1.29678741306754
 C 1.51652791161164 -2.57301944266836 -1.40613115329237
 H 2.58573024749950 -2.64270850639369 -1.59801144252860
 H 0.99592088831201 -3.15726559935302 -2.16156690829209
 H 1.31227464796451 -3.01772190774505 -0.43322827002336
$end
$temperature
298.15
$end
$mult
 1
$end
$sigma
 1
$end
$pressure
1.00000
$end
$scale
1.0
$end
$msrrho
$end
$freq
25.01
72.02
84.00
127.30
130.29
200.58
204.67
228.72
262.37
277.55
283.59
358.14
362.91
404.35
473.52
586.00
638.01
656.87
683.15
704.35
729.82
746.44
791.04
870.69
894.05
924.90
931.02
968.49
974.80
998.75
1012.90
1021.92
1065.67
1073.28
1086.14
1115.61
1123.66
1181.99
1203.66
1225.83
1227.59
1251.89
1266.73
1282.75
1316.83
1408.63
1410.77
1421.71
1451.19
1456.40
1461.93
1497.16
1501.13
1505.32
1508.05
1577.26
1588.98
2938.70
2942.16
2948.81
2961.33
3011.22
3013.15
3024.64
3024.87
3034.93
3039.35
3060.96
3068.50
3074.91
3087.06
3093.94
$end
