
$molecule
 P 1.65441538437949 -0.24381467869127 -3.03302027525210
 C 0.09170223133247 0.42781168280910 -2.25326299479148
 H 0.41604631346283 0.97156949623888 -1.36080379206340
 H -0.27170847295785 1.18159575400392 -2.95982551573192
 C -1.05368707464945 -0.52195441108745 -1.91964521847304
 H -0.73130058754575 -1.34967795294218 -1.29270871451210
 H -1.49450638158634 -0.93180794668766 -2.82500733109787
 H -1.83083074379729 0.02478506315268 -1.38639363404860
 C 2.53018797993738 -1.03110202980219 -1.62225975355509
 C 3.83828702597879 -1.43226431670905 -1.88754724244842
 C 2.02382544453722 -1.21264098424190 -0.34153451903152
 C 4.60564746363168 -2.04242911496398 -0.91401154102166
 C 2.79507802385240 -1.81792582260908 0.63582117521754
 C 4.08120851452391 -2.24311983047658 0.35220407018750
 H 4.25274954190168 -1.24849597735427 -2.86975979354119
 H 1.02963907769017 -0.87800743390709 -0.08928505125115
 H 5.61578220974898 -2.35433198720080 -1.13814153356175
 H 2.38707319125318 -1.95749349447929 1.62711236744191
 H 4.67674578875694 -2.71812304844784 1.11813828277352
 C 0.98379745800089 -1.79965203099539 -3.82656138822662
 H 0.50879108184568 -2.42807467503341 -3.06974102740355
 H 0.22326925020674 -1.47106488539897 -4.54071247366845
 C 2.06484030561092 -2.58389579947462 -4.55566417438931
 H 2.79778524215766 -2.97327413348997 -3.85198036517970
 H 2.57933255978380 -1.94973296630267 -5.27519842043471
 H 1.62514617194395 -3.42480747590912 -5.09010213593682
$end
$temperature
298.15
$end
$mult
 1
$end
$sigma
 1
$end
$pressure
1.00000
$end
$scale
1.0
$end
$msrrho
$end
$freq
21.89
74.84
109.03
128.68
164.83
175.77
217.56
229.21
252.94
261.17
287.69
365.68
378.49
409.23
460.63
585.65
643.79
660.23
682.65
688.04
736.62
749.26
779.16
876.74
900.71
928.37
933.66
968.16
990.94
998.99
1017.70
1020.18
1061.14
1080.64
1084.64
1115.39
1121.21
1181.53
1202.15
1228.79
1232.69
1247.80
1276.36
1283.94
1316.07
1408.68
1410.72
1421.37
1442.77
1455.61
1462.86
1497.66
1503.15
1505.43
1512.58
1578.19
1589.03
2928.61
2941.95
2948.26
2950.91
3008.04
3012.43
3025.26
3031.00
3034.23
3042.24
3058.05
3066.84
3073.88
3086.45
3099.79
$end
