
$molecule
 P 1.80011398778231 -0.20319179144771 -2.73274901880992
 C 1.31460729943535 -1.28558977984820 -4.17806239025757
 H 0.83520464763625 -0.61859072469702 -4.89988464620479
 H 2.24522283539216 -1.63089180292779 -4.63670285771502
 C 0.39749118915878 -2.46224799009797 -3.87544841812855
 H -0.49304730392712 -2.13010422066020 -3.34429023475036
 H 0.90133088462475 -3.21354511535515 -3.27230478464999
 H 0.08476883563444 -2.93472567951666 -4.80560877625091
 C 0.11641187927047 0.13849580238431 -2.08773004204467
 C -0.33475618686125 -0.21291248874079 -0.82113555636231
 C -0.72336300919643 0.88495695373578 -2.91256522361348
 C -1.61002916029660 0.13625389789590 -0.41020351569698
 C -1.99653354220286 1.22973782072358 -2.50372261321745
 C -2.44690890377117 0.84990641707464 -1.24959632874689
 H 0.30219919462812 -0.76121470422339 -0.14400540612118
 H -0.36704564988155 1.19743736426274 -3.88494311738246
 H -1.95060512088682 -0.15165789940099 0.57437077776496
 H -2.63812569335985 1.80047220098039 -3.15975405617267
 H -3.44201844581493 1.11731946898890 -0.92559024658497
 C 2.39740633631735 -1.48853195737511 -1.52153235590827
 H 2.58097406432971 -0.96181358258479 -0.58035607916969
 H 1.63079981462312 -2.24739810661902 -1.34887511175501
 C 3.69613619782296 -2.12875075491105 -1.99517276534675
 H 4.43851167236955 -1.36343028421400 -2.21420077896355
 H 3.53712127177338 -2.71654158499853 -2.89656360342306
 H 4.09780490539801 -2.78749745842674 -1.22661385049111
$end
$temperature
298.15
$end
$mult
 1
$end
$sigma
 1
$end
$pressure
1.00000
$end
$scale
1.0
$end
$msrrho
$end
$freq
27.94
69.65
80.87
127.27
129.11
199.27
204.09
227.67
261.25
277.01
284.01
356.52
363.06
407.23
472.72
585.97
638.48
657.15
683.14
704.81
729.27
747.05
791.38
871.25
894.59
925.15
931.21
968.66
974.29
998.51
1012.22
1021.86
1065.58
1072.81
1085.78
1115.61
1123.21
1181.85
1203.19
1225.69
1227.97
1250.83
1266.83
1282.15
1316.98
1408.46
1410.67
1421.71
1450.91
1454.66
1461.96
1497.35
1500.98
1504.74
1508.67
1577.56
1589.08
2939.07
2942.43
2949.68
2960.55
3011.47
3013.26
3023.65
3024.82
3034.14
3038.86
3057.98
3068.34
3074.66
3087.03
3094.10
$end
