
$molecule
 P 1.50392467944444 -0.25191428018552 -2.74928476382541
 C -0.25185506916317 -0.55990965727884 -3.30922333223690
 H -0.34207187227697 -0.42703587726770 -4.39036584827662
 H -0.49085376103056 -1.59871998388369 -3.06517381409392
 C -1.21566182982182 0.37467032662022 -2.58810554232264
 H -0.99227400422599 1.41419014705760 -2.82034184920321
 H -1.13645902554842 0.24365874391111 -1.51094063672166
 H -2.24284170942372 0.17074729523201 -2.88633174851344
 C 2.36412022234098 -1.66169105201376 -3.56185040229084
 C 3.46287730925651 -2.18944788508633 -2.89187705176008
 C 2.00191994821279 -2.20203263615156 -4.79016788420666
 C 4.19122395116886 -3.23102673887862 -3.43740676842645
 C 2.72638976767198 -3.24746833888781 -5.33333666903500
 C 3.82220632584095 -3.76302508777887 -4.66103899503735
 H 3.74142433119241 -1.77119333270899 -1.93419469403818
 H 1.15222677274626 -1.81137711721226 -5.33099348110677
 H 5.04491503645570 -3.62961880762810 -2.90834511274934
 H 2.43572961145142 -3.66177390000319 -6.28849556676666
 H 4.38570184128530 -4.57835205601670 -5.09089565369549
 C 1.95976655241112 1.06164802106674 -3.99752540429301
 H 1.72649675111300 0.70482017658073 -5.00522197943748
 H 1.34011072709429 1.93780664906438 -3.78789969894147
 C 3.43267411242465 1.42937829598876 -3.89073717249430
 H 4.05735661717730 0.56287583390360 -4.10250497434194
 H 3.66547733313164 1.77961019828273 -2.88703508249836
 H 3.68443938107707 2.21749706327447 -4.59860887368920
$end
$temperature
298.15
$end
$mult
 1
$end
$sigma
 1
$end
$pressure
1.00000
$end
$scale
1.0
$end
$msrrho
$end
$freq
10.04
52.49
71.73
99.43
131.64
159.32
199.27
214.95
232.36
266.34
291.24
333.74
361.59
429.21
452.13
586.02
656.90
661.91
687.28
698.94
735.90
762.02
779.07
873.57
898.03
926.23
932.62
969.15
977.10
993.95
1012.40
1018.69
1071.19
1077.16
1083.42
1117.38
1120.85
1181.62
1198.17
1224.40
1229.48
1251.10
1252.39
1280.00
1315.42
1409.68
1410.85
1423.34
1438.64
1448.14
1457.43
1497.26
1498.86
1500.96
1502.50
1579.65
1589.44
2925.99
2936.45
2948.09
2951.09
3013.83
3014.37
3019.93
3024.72
3029.99
3033.59
3062.17
3066.07
3074.21
3079.91
3088.00
$end
