
$molecule
 P 1.49989391894656 -0.25318183186838 -2.73271788097401
 C 2.93285883458705 -0.37163193381679 -3.92891744743645
 H 3.67490456035549 -1.07678410467369 -3.54242512752734
 H 2.52107972587771 -0.78976034835919 -4.85243695571693
 C 3.56908135099976 0.98115587485152 -4.21389309301951
 H 4.04670340202666 1.38122102961588 -3.32209097181769
 H 2.81672980224900 1.69249436830060 -4.54917845780985
 H 4.32588641468734 0.88843262261312 -4.99151928283136
 C 1.23292956721581 -2.06686714227372 -2.57062677071809
 C 2.14294685917834 -2.93471457669582 -1.97760198241930
 C 0.05063795553735 -2.58174980314219 -3.09025762952402
 C 1.87230215848929 -4.28912503224560 -1.90922308396989
 C -0.21899254040998 -3.93689458174478 -3.02459084675820
 C 0.69302862549444 -4.79350738384485 -2.43239629913642
 H 3.06691134991110 -2.55692009740144 -1.56383706671179
 H -0.65916358936259 -1.90536207386660 -3.54627813026389
 H 2.58567962183075 -4.95597047958128 -1.44572666706195
 H -1.14128294572353 -4.32511280502683 -3.43221430788691
 H 0.48615617027212 -5.85231889065828 -2.37627239013196
 C 2.43069228912382 0.07673860971653 -1.14083464438744
 H 1.98318921475291 -0.55168096574383 -0.36602643346371
 H 3.48303800537137 -0.19917977362140 -1.24879845791998
 C 2.30737264900719 1.54144327163979 -0.73535115398021
 H 1.26094833124531 1.80770882780252 -0.60211413165180
 H 2.72538501323092 2.19520153583944 -1.49770844985773
 H 2.83226825510640 1.72502668418597 0.20113566297627
$end
$temperature
298.15
$end
$mult
 1
$end
$sigma
 1
$end
$pressure
1.00000
$end
$scale
1.0
$end
$msrrho
$end
$freq
31.34
72.74
79.55
98.33
120.43
177.31
204.44
217.58
244.63
265.41
271.89
326.08
363.08
441.80
455.71
585.94
655.83
660.33
686.35
702.67
734.07
741.07
789.05
875.13
899.30
927.05
932.55
969.46
971.38
1010.18
1014.63
1018.11
1071.13
1073.68
1083.07
1118.31
1120.49
1181.60
1198.53
1222.54
1231.54
1252.17
1255.34
1278.14
1315.32
1408.10
1411.13
1423.63
1444.39
1451.26
1457.47
1494.78
1497.77
1502.87
1507.76
1579.71
1589.36
2925.76
2935.81
2945.71
2949.86
3011.79
3012.68
3025.88
3028.36
3032.96
3036.35
3063.84
3065.74
3074.06
3079.01
3088.23
$end
