
$molecule
 P 1.67628484463938 -0.51516304345404 -3.02193005440310
 C 2.01668499710591 1.32406615594917 -2.98401982705140
 H 3.05659191766919 1.43253162824117 -2.66276530706818
 H 1.91221093665279 1.74232049595932 -3.98775116554606
 C 1.10260982057175 2.05694404852327 -2.01312548671587
 H 1.16140494439618 1.61250137113278 -1.02135628731949
 H 0.06914543079474 2.01306511600823 -2.35079897454906
 H 1.39289861835446 3.10401241082950 -1.93918033109739
 C 0.10991505694152 -0.46733235320184 -3.98175721100591
 C -0.01471316247876 -0.62951136376403 -5.35572290342572
 C -1.04489802093016 -0.29295731870991 -3.22121631630601
 C -1.26123201349475 -0.57709168390868 -5.95560841554831
 C -2.28831072220665 -0.23392269259735 -3.82068442607840
 C -2.39852800053946 -0.36974131215491 -5.19473585764533
 H 0.85374901918238 -0.80649780644165 -5.97091814850994
 H -0.95619274761495 -0.21492302820390 -2.14588574810061
 H -1.34362881192082 -0.70000747814134 -7.02645283126026
 H -3.17337488414267 -0.09074042899633 -3.21731900024347
 H -3.36803785451318 -0.32612928908703 -5.66917944033590
 C 2.94368102688147 -1.05852549800442 -4.28671607832959
 H 3.78829804839439 -1.42786092431329 -3.69535911054053
 H 2.50997433247121 -1.93101557675550 -4.78472641494231
 C 3.46518803422642 -0.05658275794475 -5.31112297917762
 H 4.04966712470835 0.72311360630963 -4.82900322715555
 H 2.66082445778071 0.41633438314504 -5.86920477988160
 H 4.11310660707112 -0.57107166041933 -6.02016167776232
$end
$temperature
298.15
$end
$mult
 1
$end
$sigma
 1
$end
$pressure
1.00000
$end
$scale
1.0
$end
$msrrho
$end
$freq
22.01
74.85
109.09
128.71
164.85
175.69
217.55
229.28
252.97
261.13
287.67
365.69
378.52
409.28
460.64
585.62
643.80
660.25
682.70
688.12
736.64
749.24
779.19
876.76
900.73
928.40
933.68
968.15
990.96
998.94
1017.68
1020.17
1061.14
1080.64
1084.64
1115.36
1121.23
1181.51
1202.12
1228.81
1232.71
1247.83
1276.34
1283.99
1316.07
1408.76
1410.69
1421.41
1442.79
1455.71
1462.83
1497.61
1503.15
1505.41
1512.56
1578.18
1588.99
2928.63
2941.93
2948.21
2950.90
3008.04
3012.34
3025.32
3031.11
3034.27
3042.30
3058.07
3066.89
3073.86
3086.48
3099.73
$end
