
$molecule
 P 1.74555851181722 -0.26740438013780 -2.94061658629725
 C 1.34748922291777 -0.40421265769853 -4.76192994758390
 H 1.18152693828248 0.61868983369048 -5.11060393193079
 H 2.25869278050285 -0.75836159353187 -5.25189376097573
 C 0.16059675891084 -1.27864449576357 -5.14100080885612
 H -0.73234675909812 -0.97300572892782 -4.59830542452498
 H 0.35500149845219 -2.32644920899626 -4.92575818650089
 H -0.03909179563745 -1.18722003080811 -6.20780368206976
 C 0.07473962686738 0.17667555267434 -2.32603797583552
 C -0.60646183673254 -0.53046117995649 -1.34187109328654
 C -0.48757209701965 1.35743513556036 -2.80806772226561
 C -1.83868628744649 -0.09191398411768 -0.88834853154371
 C -1.71928028362600 1.79180467523372 -2.35894088685879
 C -2.40344282104018 1.06311029529822 -1.39951706475969
 H -0.18217980579223 -1.42869213677985 -0.91988873627330
 H 0.05040160753854 1.93954557600484 -3.54368047025286
 H -2.35965571424094 -0.65741657947672 -0.12872690263495
 H -2.14576769789864 2.70330682545590 -2.75275928351288
 H -3.36696854193567 1.39968470272286 -1.04591442608608
 C 1.82201453926830 -2.07078035998417 -2.46953146205708
 H 1.95913678672039 -2.09848215162805 -1.38454773049375
 H 0.88253141831343 -2.57371673924852 -2.71094569032468
 C 3.00044925544192 -2.77057664080120 -3.13429587132637
 H 3.92366611952142 -2.22842498222418 -2.93778447346422
 H 2.86415571785108 -2.83236578537030 -4.21162010820434
 H 3.10749285806342 -3.78298496118965 -2.74751524208056
$end
$temperature
298.15
$end
$mult
 1
$end
$sigma
 1
$end
$pressure
1.00000
$end
$scale
1.0
$end
$msrrho
$end
$freq
24.53
72.48
84.80
127.28
130.49
200.74
204.78
228.84
262.65
277.63
283.49
358.46
362.86
404.00
473.61
585.98
637.95
656.80
683.18
704.26
729.82
746.35
790.97
870.56
893.92
924.82
930.97
968.47
974.87
998.72
1012.95
1021.95
1065.70
1073.40
1086.19
1115.62
1123.75
1182.00
1203.74
1225.85
1227.55
1252.08
1266.72
1282.86
1316.80
1408.70
1410.85
1421.63
1451.30
1456.67
1461.88
1497.17
1501.21
1505.35
1507.90
1577.23
1588.95
2938.63
2942.07
2948.71
2961.44
3011.07
3013.07
3024.72
3024.85
3035.22
3039.57
3061.48
3068.53
3075.01
3087.07
3093.90
$end
