
$molecule
 P 1.64416216896764 -0.28594298068743 -2.86826931136942
 C 3.28844673802586 -0.78483828753982 -2.14463238438755
 H 4.09158617584673 -0.15227281772019 -2.52963905119866
 H 3.20982975325708 -0.62530135308163 -1.06513739803401
 C 3.58297302967679 -2.25580058445406 -2.40999688082368
 H 3.73475174578882 -2.43972981712430 -3.47132001374767
 H 2.75445245008585 -2.87555844416041 -2.07194380058700
 H 4.48246305028000 -2.56515095736074 -1.87971981204961
 C 1.71831495298559 1.53925145157193 -2.69311668395570
 C 0.74623595861306 2.26831448414642 -3.37599023718562
 C 2.60525882283475 2.22111014050829 -1.86863331378940
 C 0.69162488367126 3.64466009516751 -3.27748279860346
 C 2.54762755719763 3.60076044798513 -1.76715516569934
 C 1.59900287107157 4.31731250420070 -2.47490606059517
 H 0.02598125631675 1.74359338195364 -3.98915557562276
 H 3.34823380396398 1.68438750861336 -1.29875199312027
 H -0.06231657485677 4.19523278929324 -3.82172650299541
 H 3.24977376449990 4.11833442129289 -1.12889595027141
 H 1.56011548343587 5.39380129964022 -2.39498449695377
 C 2.02172394935412 -0.39232679143089 -4.69646123102674
 H 2.08130639667624 -1.45622934587036 -4.94182488287026
 H 1.13697177299032 -0.00002376941549 -5.20541873592377
 C 3.26387140832942 0.34040168672024 -5.18363284759667
 H 4.17176874782677 -0.11919249799966 -4.80079939118637
 H 3.24374932408459 1.38310317294716 -4.87082985120027
 H 3.30680250907579 0.31030826280416 -6.27151162920583
$end
$temperature
298.15
$end
$mult
 1
$end
$sigma
 1
$end
$pressure
1.00000
$end
$scale
1.0
$end
$msrrho
$end
$freq
27.85
69.58
80.71
127.18
129.20
199.54
204.14
227.80
261.24
277.07
283.95
356.60
363.06
406.97
472.80
585.92
638.49
657.12
683.24
704.71
729.27
746.97
791.35
871.17
894.52
925.11
931.18
968.64
974.30
998.56
1012.29
1021.85
1065.60
1072.83
1085.79
1115.62
1123.24
1181.86
1203.22
1225.67
1227.94
1250.93
1266.81
1282.20
1316.98
1408.57
1410.71
1421.73
1450.90
1454.82
1461.79
1497.37
1501.00
1504.77
1508.55
1577.59
1589.08
2939.02
2942.47
2949.58
2960.62
3011.29
3013.25
3023.92
3024.75
3034.27
3039.02
3058.24
3068.34
3074.72
3087.10
3094.13
$end
