
$molecule
 P 1.86125761437504 -0.15538764879757 -3.13457373221079
 C 1.29904071504244 -0.15259359452743 -1.35330942316325
 H 0.65230117520420 -1.02346598951196 -1.21577528404297
 H 2.16438929436244 -0.25704147725666 -0.69233275904553
 C 0.53112641869909 1.12052944928493 -1.02757005625366
 H -0.32735183962078 1.22645403452549 -1.68794215142857
 H 1.16954092085829 1.99328523957162 -1.15695769534260
 H 0.17529414954950 1.10246198284383 0.00135666989848
 C 3.15848393060518 1.14333328466783 -2.99184778554501
 C 4.27818541216514 1.04721229765931 -2.17373334109570
 C 2.97498699392664 2.29552625431388 -3.74869242424501
 C 5.19219655463817 2.08338589765215 -2.11696538978350
 C 3.88661828969702 3.33416690928492 -3.68916448367430
 C 4.99902453629373 3.22853049722780 -2.87212160088569
 H 4.44491354668064 0.16319065522322 -1.57524510331576
 H 2.10469611079278 2.36875868840266 -4.38642729645613
 H 6.06034544141063 1.99838459445383 -1.47857151403601
 H 3.73093536331456 4.22518456054701 -4.28025477580820
 H 5.71536276375843 4.03568629497359 -2.82284269902453
 C 2.93301973494896 -1.68529395469097 -3.08383074957203
 H 3.69663442276640 -1.56634662190712 -3.85761614434314
 H 3.43312382878375 -1.77480129379673 -2.11617257399999
 C 2.10574687212043 -2.93423349263868 -3.36216261433633
 H 1.61104482739870 -2.85390850198720 -4.32787065175158
 H 1.34108675662486 -3.06951541521790 -2.59969675834905
 H 2.73973416560264 -3.81946365030014 -3.37148566218943
$end
$temperature
298.15
$end
$mult
 1
$end
$sigma
 1
$end
$pressure
1.00000
$end
$scale
1.0
$end
$msrrho
$end
$freq
5.82
49.07
69.93
97.49
133.78
158.78
199.19
214.60
229.84
266.63
295.93
332.32
362.18
429.29
450.63
585.96
656.48
661.88
687.36
698.93
736.57
759.87
777.65
873.84
898.26
926.27
932.67
969.06
976.73
994.13
1012.67
1018.34
1071.41
1076.90
1083.29
1117.26
1121.01
1181.61
1197.95
1223.81
1228.86
1251.13
1252.92
1279.82
1315.39
1409.85
1410.57
1423.34
1439.06
1447.44
1457.21
1497.28
1498.77
1501.09
1502.32
1579.74
1589.49
2928.16
2937.46
2948.41
2951.01
3013.49
3014.25
3019.38
3024.93
3029.87
3033.39
3063.16
3065.27
3073.42
3078.41
3087.91
$end
