
$molecule
 P 1.40691623444966 -0.31465533572457 -2.86107308189658
 C 0.39789288542452 -0.60132017151176 -4.40489792793253
 H -0.65017918704438 -0.63489806135083 -4.09309451972093
 H 0.51671402373285 0.23281780023309 -5.10129503395681
 C 0.78547216068772 -1.91357537027817 -5.07220293109408
 H 0.66864697093244 -2.74258466138310 -4.37691131397939
 H 1.82556469581682 -1.88424757998220 -5.39359776042728
 H 0.15971314482966 -2.10229650020563 -5.94301013186252
 C 3.06154773742106 -0.05447927851521 -3.62690623656209
 C 4.12134502780150 -0.77526448259090 -3.08779186916483
 C 3.30489579049150 0.80440634292459 -4.69240069433797
 C 5.39967839051084 -0.64330362737891 -3.59986913867768
 C 4.58200267971581 0.93658872000459 -5.20533356176077
 C 5.63165314615922 0.21420187996190 -4.66142729156859
 H 3.93082855719847 -1.44326215489789 -2.25902922675087
 H 2.49920304174199 1.37656426006632 -5.13062110579463
 H 6.21495416378612 -1.20886090737429 -3.17210649207313
 H 4.76081768541701 1.60672826240416 -6.03448214714921
 H 6.62769859224947 0.32085818588104 -5.06592635204264
 C 0.92783766266412 1.46594380253512 -2.57164661693593
 H 1.00545362643561 2.03806141716117 -3.49989163569572
 H -0.12098910759143 1.46392478413164 -2.26075285850655
 C 1.79277101172058 2.09128339000810 -1.48612597534312
 H 2.83791530061161 2.10202946500582 -1.79193346287339
 H 1.71536029604747 1.52079769448302 -0.56262927676475
 H 1.48037346878948 3.11509012639041 -1.28685435713055
$end
$temperature
298.15
$end
$mult
 1
$end
$sigma
 1
$end
$pressure
1.00000
$end
$scale
1.0
$end
$msrrho
$end
$freq
17.87
50.26
65.11
121.02
122.40
164.12
199.53
213.85
232.34
295.27
318.10
320.76
363.60
401.38
450.35
586.08
657.50
668.76
687.34
704.80
735.13
753.36
780.17
874.99
899.13
926.82
932.95
969.39
975.73
998.52
1003.59
1020.12
1062.82
1082.81
1085.09
1116.95
1121.55
1181.70
1198.84
1217.03
1229.78
1244.56
1255.32
1278.93
1315.83
1410.36
1411.02
1423.55
1442.65
1449.95
1457.91
1497.23
1497.34
1501.61
1501.81
1580.05
1589.67
2931.53
2936.89
2944.71
2951.18
3014.01
3014.48
3019.53
3019.61
3029.52
3030.64
3061.40
3063.73
3070.79
3077.02
3087.75
$end
