
$molecule
 P 1.76512952494784 -0.49902694697245 -3.06439479888897
 C 1.69564480519176 -1.47869211044943 -1.48087376022686
 H 2.52782570248869 -1.12184476314789 -0.86639178747541
 H 0.76722778456555 -1.28556190238174 -0.93926558975393
 C 1.86830901967551 -2.96827485869496 -1.75475857181294
 H 2.82273539144445 -3.15195063877547 -2.24383271268226
 H 1.08190942809143 -3.33845520384179 -2.40985712031170
 H 1.84106834348746 -3.53636520310014 -0.82584269527579
 C 0.02120837009686 -0.52189689127961 -3.63921769856114
 C -0.24927032199792 0.26733608235921 -4.75579122569576
 C -1.00291101337931 -1.29164848600952 -3.10265451931826
 C -1.51795766696781 0.31857470749167 -5.29848508273036
 C -2.27378710007620 -1.24449201190675 -3.65051537986534
 C -2.53768273545863 -0.43764540709114 -4.74299320317765
 H 0.55258683185739 0.84424418426577 -5.19746431277464
 H -0.82528619417000 -1.93317590454632 -2.25309678879908
 H -1.71324081604754 0.94248070898431 -6.15889462791342
 H -3.06301529346509 -1.84400515782837 -3.21902166063530
 H -3.53140042172487 -0.40341284355798 -5.16507597871634
 C 1.77745309182847 1.22926927507001 -2.35163076797696
 H 2.76001432498005 1.36415353125779 -1.88989140641168
 H 1.72755460264494 1.90779186896316 -3.20787983338697
 C 0.67316603451434 1.56914795610893 -1.36022651046564
 H 0.77874543680046 0.99912019613702 -0.44060890429353
 H -0.30622244923629 1.36199199870326 -1.78808094380383
 H 0.71876731990806 2.62729682024148 -1.10659911904627
$end
$temperature
298.15
$end
$mult
 1
$end
$sigma
 1
$end
$pressure
1.00000
$end
$scale
1.0
$end
$msrrho
$end
$freq
24.77
64.73
85.47
113.47
161.57
170.53
201.30
222.76
248.47
262.54
314.66
361.33
366.35
392.61
473.19
585.80
648.65
659.34
679.17
690.40
736.53
760.67
769.52
872.82
896.05
925.81
931.61
967.51
982.26
995.16
1013.55
1017.29
1063.80
1077.76
1084.86
1115.14
1123.34
1181.73
1203.80
1222.75
1230.86
1250.26
1268.47
1280.28
1317.26
1407.84
1412.78
1421.41
1448.94
1451.33
1461.83
1496.50
1499.44
1505.03
1506.61
1578.18
1589.23
2936.17
2941.20
2951.24
2955.38
3011.66
3012.12
3023.50
3025.18
3034.24
3041.08
3054.46
3067.44
3074.43
3086.80
3093.53
$end
