
$molecule
 P 1.83889468420237 -0.14168555352013 -3.31103094255793
 C 1.41943607276941 -1.74023695704789 -2.43950339372977
 H 2.31340861852732 -2.36186249271529 -2.34029045527275
 H 1.08769062039366 -1.46351229761934 -1.43432914561348
 C 0.31251153643753 -2.50177076477670 -3.15600660568141
 H 0.63880339344900 -2.82423382893712 -4.14250877466737
 H -0.56543871064166 -1.87026074839490 -3.27678532988775
 H 0.02626917710741 -3.38410983003493 -2.58569881283245
 C 3.21783814100338 0.38589882838393 -2.21008403025024
 C 3.10043480429800 1.63788838365433 -1.61665885874063
 C 4.34549921992345 -0.38179861732716 -1.94225097450636
 C 4.08512889282892 2.11542997636701 -0.77048742125262
 C 5.33123800651109 0.09543462962526 -1.09825071397920
 C 5.20399867319294 1.34324838814545 -0.51011134437890
 H 2.22497546790966 2.23632429659757 -1.82820386256038
 H 4.46503548251727 -1.35662684244992 -2.39332214309578
 H 3.98146390139141 3.08996649017259 -0.31549068660912
 H 6.20478162550167 -0.50893116193800 -0.89779691729454
 H 5.97711445876914 1.71163705932726 0.14841138972620
 C 2.82153056586705 -0.83656952957829 -4.73845908223649
 H 3.47083283913551 -1.64891570302395 -4.40106097508681
 H 2.09780688887083 -1.25366572813907 -5.44447391086871
 C 3.63316436354104 0.25420387203995 -5.42345174728208
 H 4.36986194394595 0.67052684281993 -4.73809273897537
 H 2.98160285325582 1.06185273355876 -5.75169025254497
 H 4.15500547929089 -0.14323444518917 -6.29260426982080
$end
$temperature
298.15
$end
$mult
 1
$end
$sigma
 1
$end
$pressure
1.00000
$end
$scale
1.0
$end
$msrrho
$end
$freq
21.39
52.18
71.74
94.90
142.00
166.76
203.53
215.64
224.56
266.08
312.44
329.07
363.36
426.05
450.33
586.08
655.58
660.46
686.30
701.65
739.07
754.48
777.82
874.79
898.94
926.63
932.74
968.78
974.89
997.31
1013.15
1016.89
1071.34
1076.67
1083.13
1117.44
1121.35
1181.65
1198.88
1220.64
1225.85
1250.24
1255.41
1278.30
1315.52
1409.33
1411.23
1423.38
1445.60
1450.43
1458.49
1497.35
1498.54
1501.88
1502.29
1579.84
1589.70
2929.82
2935.41
2946.96
2950.24
3013.43
3014.12
3019.91
3026.71
3029.32
3033.61
3063.17
3063.97
3071.85
3077.41
3087.87
$end
