
$molecule
 P 1.76689655736606 -0.24148392594270 -3.03935862681271
 C 0.96004820845563 -0.71023819644355 -4.66113981254081
 H 1.45608123974768 -1.63074590908650 -4.98358668237021
 H -0.06485721681203 -0.98850745443899 -4.39352036595731
 C 0.91023914439781 0.30295613805107 -5.79967656288683
 H 1.89546119231073 0.68975923006408 -6.04834038410092
 H 0.26892819676791 1.14287157350477 -5.54425445976803
 H 0.49895425558287 -0.17444622976450 -6.68858699967292
 C 3.56348116986846 -0.35078711758587 -3.40991360778113
 C 4.13107773240132 -0.56485943592399 -4.65957422136012
 C 4.40333950929121 -0.24873360752012 -2.30234920788824
 C 5.50657147358236 -0.63318008827631 -4.80022860215180
 C 5.77634733266777 -0.31014211700768 -2.44368545702503
 C 6.33277531041738 -0.49643017127610 -3.69839928337972
 H 3.51016311833426 -0.68907705474488 -5.53309767137092
 H 3.96319109633546 -0.13119314744064 -1.32115990334637
 H 5.93539861728106 -0.79530740263847 -5.77922149918841
 H 6.41389488348501 -0.22168899159884 -1.57558346779606
 H 7.40550721896435 -0.54692212230220 -3.81520350293732
 C 1.59591928480090 1.62008432264853 -3.11359529021072
 H 2.07121327378350 2.00127835738233 -4.02029832651150
 H 0.52235241610657 1.82291625082512 -3.16569775534255
 C 2.18566651708056 2.30053381831464 -1.88703043121345
 H 3.26453514633509 2.16327090923531 -1.85289415131691
 H 1.75569405510368 1.88849708952255 -0.97601655920696
 H 1.97874826634241 3.36946628243919 -1.91279216786193
$end
$temperature
298.15
$end
$mult
 1
$end
$sigma
 1
$end
$pressure
1.00000
$end
$scale
1.0
$end
$msrrho
$end
$freq
22.00
74.95
108.97
128.78
164.89
176.17
217.48
229.43
253.00
261.15
287.65
365.76
378.56
409.27
460.75
585.63
643.80
660.26
682.61
688.04
736.68
749.28
779.14
876.81
900.78
928.43
933.70
968.14
990.99
998.99
1017.72
1020.17
1061.12
1080.67
1084.67
1115.32
1121.20
1181.52
1202.15
1228.80
1232.71
1247.86
1276.36
1283.85
1316.08
1408.80
1410.77
1421.43
1442.80
1455.58
1462.86
1497.63
1503.17
1505.45
1512.61
1578.19
1588.99
2928.63
2941.89
2948.30
2950.98
3008.06
3012.32
3025.32
3031.27
3034.23
3042.30
3058.08
3066.87
3073.86
3086.57
3099.74
$end
