
$molecule
 P 1.57394145525230 -0.26717864355471 -2.99634938903213
 C 2.87391852030046 0.22572069018171 -1.75397795950326
 H 3.47511747534041 1.00328442506050 -2.23479405731897
 H 2.41656318839829 0.65394430262351 -0.85932962839676
 C 3.76809548669209 -0.95647590695331 -1.39767031778403
 H 4.26255390347097 -1.33525406313971 -2.28976925428778
 H 3.18823406170565 -1.77104384939790 -0.96793142445835
 H 4.53120538701585 -0.65872994157184 -0.67972185941809
 C 0.17855258799086 -0.80410995431917 -1.93092903198624
 C -1.03704130837352 -1.01240629708666 -2.58057818670234
 C 0.26559863731851 -1.08707524755031 -0.57365973486116
 C -2.14802910250301 -1.44677217135756 -1.88502526715454
 C -0.84689394535913 -1.52914623849508 0.12217209315636
 C -2.05650139506440 -1.70330923228640 -0.52632853978172
 H -1.10392251472595 -0.82866041466388 -3.64460860478399
 H 1.19752540436288 -0.96504121526959 -0.04319369131745
 H -3.08598436657640 -1.59206180978396 -2.40163216546124
 H -0.76588897961771 -1.73920832915915 1.17941238987853
 H -2.92225443700998 -2.04523545240230 0.02169427995729
 C 0.93012278978117 1.43116638990011 -3.43877846084256
 H 1.72617949662743 1.92063426330528 -4.00772796212925
 H 0.09547523975183 1.27131501117785 -4.12682359346369
 C 0.48309205806988 2.31456170788850 -2.28222551772707
 H 1.32227714134230 2.59004339291974 -1.64848796330885
 H -0.26024960355811 1.80406262532818 -1.67241383735293
 H 0.03830681936561 3.23054495860751 -2.66855831591948
$end
$temperature
298.15
$end
$mult
 1
$end
$sigma
 1
$end
$pressure
1.00000
$end
$scale
1.0
$end
$msrrho
$end
$freq
24.19
66.55
88.73
113.62
161.80
172.21
200.35
222.09
249.41
265.24
311.91
362.34
366.96
391.47
474.30
585.81
648.41
659.48
679.40
689.54
737.04
760.39
769.88
872.64
895.81
925.78
931.50
967.51
983.08
995.41
1013.72
1017.27
1063.82
1077.63
1085.13
1115.17
1123.71
1181.85
1204.08
1223.42
1230.42
1251.43
1267.97
1280.64
1317.18
1408.00
1412.87
1421.34
1449.40
1452.21
1461.32
1496.45
1499.41
1505.31
1505.98
1577.83
1589.10
2936.36
2941.65
2950.25
2956.69
3011.53
3012.18
3023.89
3025.89
3034.58
3041.41
3056.81
3067.70
3074.45
3086.85
3094.20
$end
