
$molecule
 P 1.60300965764238 -0.25881567819107 -3.11972064471879
 C 0.71235710419086 0.98634560966858 -2.04408509656574
 H 1.40152584518061 1.22681695750169 -1.22938218518400
 H 0.51152015741143 1.89529806111082 -2.61572502839717
 C -0.58297773430615 0.43161197127296 -1.46993608933655
 H -0.40058721414758 -0.50564283008813 -0.94753320460467
 H -1.30808257902687 0.25143554698417 -2.26085952118866
 H -1.01658348105083 1.13989913835124 -0.76534485541016
 C 0.51302709343738 -0.15771782486339 -4.59562038468309
 C 0.73523298736404 0.61727027691562 -5.72690952408989
 C -0.60657186553929 -0.98725599297474 -4.56280356669094
 C -0.16477789996338 0.59362500689924 -6.77853383624611
 C -1.50839519435728 -1.00556405465070 -5.60930616780214
 C -1.29215501438202 -0.20690829776033 -6.72018734920990
 H 1.61335727220098 1.23911452135018 -5.80551662317165
 H -0.75608578880479 -1.63081512210932 -3.70625409791943
 H 0.01778452296380 1.20554649400578 -7.65078792200310
 H -2.37575616828422 -1.64866767589226 -5.56453266766500
 H -1.99277875487211 -0.21801656060723 -7.54234384051487
 C 3.09817526530395 0.75079787804584 -3.61431178508958
 H 3.88550363661903 0.44563937534477 -2.91685023300252
 H 3.39555831083420 0.37681218309553 -4.59871553079589
 C 3.01103435038937 2.27325946695527 -3.61923880753717
 H 2.89739745550299 2.65895487669661 -2.60914672577188
 H 2.17818590189229 2.63444328339990 -4.21761352474691
 H 3.93064013380206 2.68534738953921 -4.03363178765355
$end
$temperature
298.15
$end
$mult
 1
$end
$sigma
 1
$end
$pressure
1.00000
$end
$scale
1.0
$end
$msrrho
$end
$freq
21.80
75.38
108.48
129.09
165.14
178.16
216.98
230.37
253.10
261.00
287.57
365.97
378.24
409.36
461.18
585.60
643.97
660.31
682.07
688.19
736.84
749.61
778.92
876.94
900.88
928.49
933.72
968.13
991.15
999.25
1018.12
1019.92
1061.06
1080.78
1084.72
1115.33
1121.24
1181.54
1202.37
1228.90
1232.72
1248.23
1276.33
1283.57
1316.07
1408.58
1410.70
1421.33
1442.85
1455.63
1463.10
1497.71
1503.17
1505.69
1512.75
1578.09
1589.03
2928.57
2941.45
2948.35
2950.98
3008.17
3012.25
3025.38
3031.77
3034.21
3042.36
3058.43
3066.85
3073.89
3086.47
3099.91
$end
