
$molecule
 P 1.88799966889409 0.22563345031548 -2.71273885270620
 C 1.73135177524251 -1.56157885755282 -3.23931530615255
 H 1.01026512112593 -1.56704768578816 -4.06131875671536
 H 2.69715516404132 -1.84727502773362 -3.66505657860815
 C 1.30173390092161 -2.55612994990464 -2.16999876206436
 H 0.37977570118584 -2.23179677817952 -1.69015266685552
 H 2.06708222340422 -2.67395006967524 -1.40683546198153
 H 1.12732016608013 -3.53144919745176 -2.62229363752181
 C 0.23519284802600 0.41631268833353 -1.93862558994963
 C 0.01900801116895 0.75187727582046 -0.60739584506815
 C -0.86578161863828 0.30299055178099 -2.78586154334289
 C -1.26865959630624 0.92409918904475 -0.12861042792542
 C -2.15011106763250 0.47088585297450 -2.30693848969123
 C -2.35604262135337 0.77686458884360 -0.97132564222020
 H 0.85086091908674 0.88197003575236 0.06784238822697
 H -0.70660794542144 0.08161977580501 -3.83259494808721
 H -1.42172810204121 1.17616084887157 0.91124385857319
 H -2.99296601651158 0.36920145515638 -2.97553528489755
 H -3.35890147028681 0.90885558051506 -0.59241126142313
 C 2.97219699005548 0.04928439266578 -1.20606515529951
 H 3.01959884944426 1.04004826078707 -0.74447392849913
 H 2.53060524231864 -0.64543935248773 -0.48786226711252
 C 4.38027507319036 -0.38879350755219 -1.58847439986602
 H 4.79237152696514 0.27675960750330 -2.34481551486948
 H 4.38102684735702 -1.40043241680792 -1.98825873791073
 H 5.03457340968208 -0.36719871103532 -0.71818318803197
$end
$temperature
298.15
$end
$mult
 1
$end
$sigma
 1
$end
$pressure
1.00000
$end
$scale
1.0
$end
$msrrho
$end
$freq
27.55
69.93
81.05
127.11
129.38
199.75
204.17
227.93
261.36
277.13
283.91
356.79
363.07
406.64
472.92
585.95
638.41
657.09
683.19
704.69
729.36
746.85
791.33
871.16
894.50
925.14
931.20
968.61
974.40
998.59
1012.39
1021.89
1065.59
1072.88
1085.86
1115.63
1123.31
1181.86
1203.28
1225.71
1227.86
1251.09
1266.83
1282.25
1316.95
1408.59
1410.69
1421.70
1450.97
1455.05
1461.93
1497.34
1501.02
1504.85
1508.48
1577.46
1589.04
2938.92
2942.40
2949.42
2960.72
3011.26
3013.21
3023.97
3024.74
3034.37
3039.02
3058.68
3068.41
3074.73
3087.03
3094.11
$end
