
$molecule
 P 2.02409570526267 -0.11345416096350 -3.05099357156951
 C 0.61304577793430 -1.28998061217846 -2.70430068731922
 H 0.22902158008485 -1.01706760852301 -1.71736055807283
 H -0.16940841560958 -1.05367627964333 -3.43145353764802
 C 0.93777249679470 -2.77703891959511 -2.73706405447148
 H 1.76572163022056 -3.00560908841743 -2.06819568914847
 H 1.20151455667312 -3.10189764738677 -3.74038603460864
 H 0.06977780268686 -3.35078490438652 -2.41538838001605
 C 3.22515729048095 -0.79963230442661 -1.84331496019407
 C 4.40017584836142 -1.47074642500253 -2.15660002572270
 C 2.93232285107025 -0.55258884687014 -0.50315666130411
 C 5.24173283464944 -1.91425709070613 -1.15033856340817
 C 3.76868347807274 -1.00006640081216 0.50031866529750
 C 4.92780157286562 -1.68766487622630 0.17791516277059
 H 4.67242261153742 -1.65830070078040 -3.18399879198791
 H 2.03483418594222 -0.00157476888023 -0.25472603553862
 H 6.14965578260976 -2.44121473755513 -1.40815717348325
 H 3.52224840291741 -0.80885761580028 1.53492677054242
 H 5.58659180233625 -2.03830472184320 0.95883862193217
 C 2.61320320294159 -0.81907309757227 -4.67203403070809
 H 2.99458416560960 -1.83429444578855 -4.54354122889069
 H 1.73287223055584 -0.86644208147594 -5.32028149013471
 C 3.66461849474185 0.08272182542729 -5.30848236735558
 H 4.53110375316130 0.19117269819966 -4.65884798327594
 H 3.25291183065603 1.07476358503595 -5.48231817637564
 H 3.99599652744298 -0.32583177382941 -6.26223421930846
$end
$temperature
298.15
$end
$mult
 1
$end
$sigma
 1
$end
$pressure
1.00000
$end
$scale
1.0
$end
$msrrho
$end
$freq
25.10
64.55
85.36
113.38
161.60
170.58
201.67
222.19
248.16
263.14
314.16
361.43
366.35
392.79
473.35
585.83
648.63
659.30
679.06
690.27
736.68
760.53
769.40
872.84
896.04
925.83
931.62
967.52
982.28
995.03
1013.64
1017.25
1063.78
1077.67
1084.87
1115.19
1123.40
1181.74
1203.80
1222.82
1230.76
1250.48
1268.42
1280.26
1317.25
1407.87
1412.77
1421.45
1448.98
1451.53
1461.67
1496.55
1499.45
1505.05
1506.36
1578.13
1589.21
2936.14
2941.24
2951.14
2955.55
3011.76
3012.30
3023.57
3025.46
3034.23
3041.23
3054.75
3067.47
3074.41
3086.74
3093.66
$end
