
$molecule
 P 1.52874518851253 -0.18808137598907 -2.85863767248223
 C 1.83677639289843 -0.18915592200438 -4.69946190702863
 H 0.92651105012230 0.19389200614568 -5.17011022425207
 H 2.65776013506438 0.48701182476142 -4.95170014427290
 C 2.13034692151794 -1.59623955029573 -5.20092506447939
 H 1.31218346813613 -2.26801848639558 -4.94863365670161
 H 3.03966327849168 -1.98162646297068 -4.74204731852327
 H 2.25997953300711 -1.60057201305801 -6.28198081451144
 C 3.22042805225257 -0.61411554864276 -2.26806249255049
 C 3.31660632944762 -1.63079450345724 -1.32441507893337
 C 4.38252206775565 0.01265916480509 -2.70268015495787
 C 4.54682557492009 -2.01596937365881 -0.82242046374027
 C 5.61260692052655 -0.37201683635183 -2.20217269549345
 C 5.69830704589946 -1.38584503950848 -1.26182547858076
 H 2.41193370389051 -2.11784872265111 -0.98719264346980
 H 4.33658697336857 0.80592612079839 -3.43560195866461
 H 4.60832125778770 -2.80715351084536 -0.08909231579278
 H 6.51054440080115 0.12138128577429 -2.54688812900234
 H 6.66182629430919 -1.68262827807176 -0.87367175876844
 C 1.57799569741124 1.65893882858958 -2.59403763537811
 H 2.44651909161889 2.09338575381462 -3.09596036243622
 H 0.67669515066741 2.06868529154445 -3.05926015189542
 C 1.59744100399908 1.99418886248927 -1.10919399422641
 H 2.49538176804110 1.59382756145012 -0.64080053427660
 H 0.73266578437708 1.56107132425844 -0.61032097275874
 H 1.57971691517530 3.07222359947071 -0.95747337682358
$end
$temperature
298.15
$end
$mult
 1
$end
$sigma
 1
$end
$pressure
1.00000
$end
$scale
1.0
$end
$msrrho
$end
$freq
17.87
50.26
64.98
121.07
122.34
164.24
199.49
213.93
232.44
295.26
318.02
320.86
363.62
401.32
450.36
586.08
657.50
668.70
687.39
704.79
735.14
753.35
780.19
875.00
899.15
926.85
932.97
969.37
975.73
998.51
1003.56
1020.03
1062.83
1082.80
1085.11
1116.95
1121.52
1181.70
1198.85
1217.01
1229.73
1244.56
1255.26
1278.93
1315.80
1410.37
1411.07
1423.54
1442.59
1449.90
1458.04
1497.21
1497.29
1501.64
1501.85
1580.00
1589.61
2931.56
2936.89
2944.80
2951.22
3013.89
3014.38
3019.41
3019.50
3029.52
3030.62
3061.33
3063.70
3070.74
3076.96
3087.70
$end
