
$molecule
 P 1.86265670571756 -0.28479053663464 -3.11649383448657
 C 2.15797201274759 1.55088957609431 -2.93241686562635
 H 1.99930817387441 1.86644154217607 -1.89801763150691
 H 3.20206582624526 1.73864132615466 -3.19774358450247
 C 1.24015777387600 2.33573998944859 -3.86203408573918
 H 0.19549836190616 2.15941809996105 -3.61287821733131
 H 1.39776163044090 2.03281264046589 -4.89505031893169
 H 1.43532974435041 3.40395063457605 -3.78161598967294
 C 3.25438326709655 -0.95150325475652 -2.11362694044771
 C 3.78637707602729 -0.32773560300115 -0.99124580958265
 C 3.77575003135448 -2.17767450266912 -2.51304822587166
 C 4.81708453301227 -0.92186085627003 -0.28580533302361
 C 4.80222752099377 -2.77506643682989 -1.80431746317320
 C 5.32583531577795 -2.14579288923406 -0.68789672296106
 H 3.40082562375366 0.62557541788932 -0.66027650809720
 H 3.36445429186204 -2.65995985456728 -3.38939045243625
 H 5.22501604808202 -0.42796690402525 0.58489696872849
 H 5.19569262740292 -3.72967199929280 -2.12289812035322
 H 6.12940209159951 -2.60635473354026 -0.13181894486589
 C 0.52524679496604 -0.47349878690815 -1.82512667262657
 H 0.86431405548617 -0.03428939802854 -0.88203786486973
 H -0.34561736575148 0.08716553281956 -2.17556203534742
 C 0.15645392383758 -1.93682571773556 -1.62864550884202
 H 1.01730270113283 -2.50181511436747 -1.27426637099419
 H -0.17502168748532 -2.37495409955248 -2.56802428409254
 H -0.64565207830535 -2.03643607217336 -0.89905118334639
$end
$temperature
298.15
$end
$mult
 1
$end
$sigma
 1
$end
$pressure
1.00000
$end
$scale
1.0
$end
$msrrho
$end
$freq
11.24
53.34
72.62
99.68
131.20
159.73
199.54
215.04
232.95
266.24
290.32
334.10
361.51
429.15
452.51
586.00
656.97
661.87
687.26
699.05
735.78
762.41
779.41
873.53
897.98
926.22
932.61
969.15
977.13
993.99
1012.31
1018.73
1071.08
1077.24
1083.45
1117.38
1120.84
1181.62
1198.26
1224.49
1229.54
1251.12
1252.28
1280.02
1315.42
1409.71
1410.98
1423.32
1438.66
1448.33
1457.46
1497.25
1498.84
1500.96
1502.53
1579.64
1589.40
2925.59
2936.17
2948.04
2951.10
3013.88
3014.31
3020.11
3024.55
3030.00
3033.51
3061.87
3066.17
3074.33
3080.34
3088.03
$end
