
$molecule
 P 1.69889808594240 -0.22102966426472 -3.00808031811287
 C 0.47968768292802 -0.03581273705778 -4.40895590429135
 H 0.69936008822472 -0.76668060243370 -5.19321494626784
 H -0.51352141538873 -0.24395878859122 -4.00407812086469
 C 0.48901304773496 1.38377551795098 -4.96239602050461
 H 1.46175702761801 1.64451158621082 -5.37462593965332
 H 0.25527700165584 2.09618307912407 -4.17372319313114
 H -0.25263786167203 1.48837543219647 -5.75272931550229
 C 1.52538930411536 -2.01161157418777 -2.64198138203146
 C 2.57838509887427 -2.62178313968149 -1.96225623286602
 C 0.38584605326358 -2.76073545502741 -2.91016569901540
 C 2.51350183345420 -3.95252788458551 -1.59888420473910
 C 0.32081659348818 -4.09458746485610 -2.54538380359395
 C 1.38304030738021 -4.69671287513129 -1.89471789021099
 H 3.45781102017780 -2.04181603928698 -1.71839810887478
 H -0.45982112660965 -2.31334527867857 -3.40961882477883
 H 3.34327328476163 -4.41062290525640 -1.07972700793450
 H -0.56829383720095 -4.66619611148170 -2.77105275644063
 H 1.32837103349782 -5.73797867954772 -1.61286359619638
 C 3.27909124596788 -0.31027826927697 -4.02305415236970
 H 3.52532747578506 -1.35706646376834 -4.21757683328533
 H 3.09130062558864 0.17929238189247 -4.98078713559947
 C 4.43739742041826 0.38827388928464 -3.32090002665228
 H 4.65422391228658 -0.08003929086240 -2.36316280856183
 H 4.19279634882480 1.43222931578788 -3.13536721084630
 H 5.33697374888289 0.34682402152875 -3.93348056767471
$end
$temperature
298.15
$end
$mult
 1
$end
$sigma
 1
$end
$pressure
1.00000
$end
$scale
1.0
$end
$msrrho
$end
$freq
17.85
42.97
83.12
122.34
136.33
169.71
197.95
226.62
232.66
268.71
286.30
330.14
360.10
406.24
471.55
586.09
651.44
658.16
683.95
697.40
734.96
755.83
780.27
868.28
892.45
924.04
930.64
968.38
983.40
995.59
1011.59
1018.81
1069.58
1075.04
1086.09
1115.54
1123.14
1181.80
1202.32
1226.32
1228.55
1250.51
1257.12
1283.38
1317.01
1409.14
1413.45
1421.41
1442.46
1448.16
1458.65
1497.36
1499.46
1500.73
1502.76
1577.45
1589.03
2927.94
2947.97
2956.09
2963.20
3012.61
3014.45
3023.95
3024.93
3032.72
3033.29
3063.64
3068.79
3075.28
3087.04
3093.52
$end
