
$molecule
 P 1.89991912824298 -0.41941428150096 -3.15857575166125
 C 2.66978757137225 0.72622676073192 -1.90669896584734
 H 3.73841008039981 0.75709094685739 -2.14026862872585
 H 2.27233900344403 1.73879516236348 -2.00342756634588
 C 2.47420690565232 0.19575342915625 -0.49104078327215
 H 2.92477062365075 -0.78984653075957 -0.39379895546250
 H 1.41655972124576 0.10331141366247 -0.25135871524822
 H 2.93729219710680 0.86069602776643 0.23680710229410
 C 0.16705832683646 0.18065574393597 -3.25429443641265
 C -0.61757712188681 -0.41594637455230 -4.23979021748849
 C -0.42081523062131 1.10921455238258 -2.40494672033062
 C -1.94342258108656 -0.06520593305702 -4.40050300146644
 C -1.75199259878963 1.45652817573879 -2.56256256447768
 C -2.51483395130500 0.87791515750256 -3.56128072024223
 H -0.17318940798217 -1.16373652477230 -4.88335794093385
 H 0.14887399286704 1.57392915625262 -1.61478751280989
 H -2.53561221045943 -0.53026989978151 -5.17557231738791
 H -2.19505438712738 2.18550701420218 -1.89865598659843
 H -3.55213084673110 1.15442857472744 -3.68110398956813
 C 2.53287023229657 0.37672686768035 -4.72731116087123
 H 3.60657498087673 0.17040439231532 -4.76483638749238
 H 2.06983876734389 -0.17305428060965 -5.55155845605400
 C 2.27195314239722 1.86757641495588 -4.89213892608848
 H 2.82728927914310 2.44913153661097 -4.16059428953822
 H 1.21176947375425 2.08807402024351 -4.78015446776089
 H 2.58514790935938 2.18881747794600 -5.88450564020629
$end
$temperature
298.15
$end
$mult
 1
$end
$sigma
 1
$end
$pressure
1.00000
$end
$scale
1.0
$end
$msrrho
$end
$freq
24.96
64.50
85.26
113.39
161.59
170.51
201.54
222.44
248.22
262.84
314.40
361.35
366.32
392.79
473.25
585.81
648.65
659.32
679.19
690.28
736.61
760.64
769.38
872.82
896.05
925.81
931.62
967.51
982.29
995.09
1013.57
1017.29
1063.78
1077.68
1084.86
1115.14
1123.36
1181.74
1203.78
1222.76
1230.79
1250.36
1268.45
1280.25
1317.25
1407.86
1412.82
1421.43
1448.90
1451.32
1461.78
1496.55
1499.40
1504.99
1506.49
1578.18
1589.22
2936.20
2941.18
2951.20
2955.38
3011.72
3012.41
3023.58
3025.41
3034.24
3041.04
3054.57
3067.44
3074.38
3086.79
3093.53
$end
