
$molecule
 P 1.73239958788848 -0.13649286688676 -2.88265153318145
 C 0.16873216115821 -1.14390589493860 -2.72252083806635
 H 0.03773039554247 -1.34721876467046 -1.65575014842351
 H -0.69808738217770 -0.57192834116794 -3.06429119678694
 C 0.28377883176234 -2.45865188472851 -3.48142543015636
 H 1.15004328868222 -3.02026754161292 -3.13687457680220
 H 0.40094771711123 -2.27635586137809 -4.54851188276293
 H -0.60547708733780 -3.06868024392178 -3.33020955232569
 C 1.72927583352528 0.18899947271392 -4.69511542552367
 C 2.95665689621604 0.11490368224031 -5.34439783931666
 C 0.59618892204192 0.50952062155735 -5.43399236064537
 C 3.05510629947332 0.35956630820011 -6.70231320192297
 C 0.69295995220685 0.75027242993920 -6.79216885456012
 C 1.92087719463001 0.67748559899673 -7.42927913884975
 H 3.83711174133872 -0.13861517133029 -4.77003750171298
 H -0.37108230587110 0.57029945641140 -4.95586101775265
 H 4.01523672316206 0.30052064255724 -7.19440305877315
 H -0.19461358225405 0.99661452656219 -7.35791021859152
 H 1.99122666225971 0.86728912867952 -8.49045390242971
 C 1.06488321550169 1.52382390782458 -2.34468174144894
 H 1.80867035288598 2.26606475408893 -2.64944998867082
 H 0.13399489875315 1.74258895778470 -2.87529600440689
 C 0.85607203415117 1.59194014627577 -0.83810663336618
 H 1.77834959666442 1.34474921656061 -0.31608915432334
 H 0.08630560152448 0.89181027532910 -0.52055639847503
 H 0.55009445116082 2.59382744491397 -0.54096340072450
$end
$temperature
298.15
$end
$mult
 1
$end
$sigma
 1
$end
$pressure
1.00000
$end
$scale
1.0
$end
$msrrho
$end
$freq
23.78
55.39
72.14
93.98
144.81
168.29
203.05
215.91
224.28
265.37
315.31
328.55
363.10
425.19
450.98
586.08
655.66
660.12
685.67
702.22
739.26
754.42
778.13
874.81
898.88
926.63
932.74
968.72
974.87
997.96
1013.17
1016.96
1071.47
1076.75
1083.13
1117.57
1121.33
1181.65
1199.15
1220.25
1225.39
1250.48
1255.59
1278.04
1315.62
1409.25
1411.43
1423.45
1446.52
1451.55
1459.20
1497.34
1498.40
1501.90
1502.26
1579.85
1589.62
2928.48
2933.83
2946.47
2949.61
3013.07
3014.24
3020.46
3026.83
3029.64
3033.78
3063.39
3064.01
3072.30
3077.54
3087.98
$end
