
$molecule
 P 1.55777379725566 -0.09708931523849 -2.78643814377386
 C 1.75367621447122 0.55862697409223 -4.52499851057601
 H 1.90324322005499 1.64153827264229 -4.50496473869963
 H 2.66288345969501 0.09990136396906 -4.92492035039280
 C 0.56427438588218 0.19663983736815 -5.40409343931681
 H -0.34296898678890 0.68041383552000 -5.04842478042491
 H 0.40182114280918 -0.87934506238191 -5.39798193827176
 H 0.73955707252122 0.51265186505443 -6.43128327718225
 C 3.10017310615344 0.61827108840282 -2.07850666831788
 C 3.41702948739275 1.97179046975796 -2.09508127837696
 C 3.99370493387357 -0.27426322803902 -1.49678718015689
 C 4.60285209586770 2.41853125611112 -1.54186384064354
 C 5.18133214827247 0.17141726662415 -0.94489327518815
 C 5.48764310280062 1.52109703712041 -0.96666415956269
 H 2.73909198110924 2.68833306936975 -2.53668047595442
 H 3.74520027349399 -1.32654343682476 -1.48075429957155
 H 4.83900525226360 3.47326802298695 -1.55881221181639
 H 5.86731841491614 -0.53275962801676 -0.49651205949483
 H 6.41277064089799 1.87525693786518 -0.53563768682326
 C 0.31150547040601 1.13771823520865 -2.14766081544296
 H 0.54884348588095 2.14451178054206 -2.50168273646631
 H -0.65704037129910 0.85174171588051 -2.56764959852908
 C 0.23918417355959 1.10298351509300 -0.62737229619117
 H 1.19214823384424 1.39964591685513 -0.19195008211437
 H 0.00757421279109 0.09721090576546 -0.28196434131007
 H -0.53287694812522 1.77923330427184 -0.26357881540154
$end
$temperature
298.15
$end
$mult
 1
$end
$sigma
 1
$end
$pressure
1.00000
$end
$scale
1.0
$end
$msrrho
$end
$freq
21.73
52.35
71.74
94.81
142.22
166.88
203.44
215.67
224.48
266.04
312.70
329.02
363.35
425.89
450.36
586.08
655.58
660.40
686.30
701.64
739.12
754.45
777.79
874.81
898.96
926.65
932.76
968.76
974.89
997.45
1013.14
1016.92
1071.35
1076.74
1083.14
1117.40
1121.39
1181.65
1198.90
1220.60
1225.81
1250.21
1255.45
1278.24
1315.54
1409.41
1411.26
1423.36
1445.70
1450.54
1458.56
1497.35
1498.56
1501.91
1502.30
1579.82
1589.67
2929.89
2935.36
2946.90
2950.11
3013.28
3014.04
3020.07
3026.78
3029.59
3033.67
3063.19
3064.00
3071.85
3077.39
3087.87
$end
