
$molecule
 P 1.73137678035714 -0.20662764652259 -3.15300730134495
 C 0.36710843319068 -1.47815273005016 -3.26021382332567
 H 0.69157080381666 -2.34498744268604 -3.84184973738146
 H 0.14604886149679 -1.80403758309728 -2.24008249205454
 C -0.88091699509341 -0.86904720935654 -3.88814554094215
 H -0.67907319368815 -0.53632996464825 -4.90453002264163
 H -1.21515628310138 -0.00971063970527 -3.31062709708116
 H -1.68865265112342 -1.59849156743290 -3.92122272099686
 C 2.96673007111872 -1.11142418897205 -2.13278492369022
 C 3.83057769296690 -0.33019277976267 -1.37183636425001
 C 3.10152213307379 -2.49416420763619 -2.09578083603922
 C 4.81536342600524 -0.91395810354441 -0.59604377242556
 C 4.08179592436070 -3.07865834887552 -1.31418112724952
 C 4.94147761317967 -2.29235333699360 -0.56530676923476
 H 3.72053831599888 0.74555946557720 -1.39575310063492
 H 2.44293622024978 -3.12440207087824 -2.67519047371078
 H 5.48253537154169 -0.29546956090440 -0.01298370975527
 H 4.17709644997034 -4.15514799542884 -1.29072097906203
 H 5.70646276204883 -2.75427921393616 0.04170847091845
 C 2.52273401930858 -0.52500440283695 -4.81619754159734
 H 2.74951846473174 -1.59132052525686 -4.91167121738597
 H 1.78864629457641 -0.25623721480691 -5.58070095004202
 C 3.78505190792239 0.30611355958082 -4.99330819375222
 H 4.52402981029117 0.04176623985414 -4.23845746057424
 H 3.55961688440078 1.36604838998782 -4.89318541127405
 H 4.22114888240005 0.13725207833199 -5.97662990447187
$end
$temperature
298.15
$end
$mult
 1
$end
$sigma
 1
$end
$pressure
1.00000
$end
$scale
1.0
$end
$msrrho
$end
$freq
13.89
56.06
76.16
100.96
130.49
160.73
200.44
215.71
234.56
266.15
287.18
335.18
361.40
428.44
453.89
586.02
657.31
661.55
686.94
699.41
735.41
763.84
780.61
873.47
897.93
926.28
932.60
969.16
977.40
994.06
1012.15
1018.98
1070.91
1077.44
1083.62
1117.48
1120.79
1181.60
1198.68
1224.82
1229.88
1251.17
1251.95
1280.03
1315.45
1409.57
1410.88
1423.20
1438.70
1448.95
1457.83
1497.19
1498.90
1501.02
1502.70
1579.45
1589.33
2924.39
2935.03
2947.60
2950.93
3013.90
3014.42
3020.43
3024.51
3029.88
3033.54
3060.98
3066.57
3074.49
3081.96
3088.23
$end
