
$molecule
 P 2.11396759650438 -0.19045870891419 -3.31978318186676
 C 0.48711476084947 -1.01032721114916 -2.89946882470110
 H 0.58677118309742 -1.36251325923881 -1.86882566473154
 H -0.26588494323561 -0.21673067520438 -2.89817086223564
 C 0.04665851349870 -2.15948444027160 -3.79571871494299
 H 0.82511329947784 -2.91770963176693 -3.86106432526314
 H -0.18531606864730 -1.81152086512545 -4.79915240546656
 H -0.84926505276771 -2.62357911595431 -3.38583315654627
 C 3.14791309327707 -1.70666514253051 -3.38779137385527
 C 3.69857395223648 -2.26843460359098 -4.53248211956718
 C 3.43466613841165 -2.28617741962905 -2.15304111090419
 C 4.48920293427901 -3.40185242523381 -4.44407489456291
 C 4.21852683261390 -3.41960935903401 -2.06558814414904
 C 4.74704303024442 -3.98380727641439 -3.21563706865852
 H 3.51745569361034 -1.83403694821247 -5.50376529707944
 H 3.03344513310412 -1.83386904556769 -1.25559748667144
 H 4.90638090542429 -3.83243382481394 -5.34355567377103
 H 4.42447888390928 -3.86167005809968 -1.10129223596638
 H 5.36310673777192 -4.86888513073458 -3.15302639236217
 C 1.80842006676008 0.18868312913992 -5.11816202364234
 H 1.67272668492071 -0.72760519813031 -5.69654481003059
 H 0.87245850710631 0.75452821220097 -5.15428991539182
 C 2.93766780998210 1.03544383532949 -5.69385072808474
 H 3.89140319030936 0.51633422747929 -5.61912292234423
 H 3.02369183195702 1.97055675045787 -5.14427042315901
 H 2.75034128530419 1.26643118500894 -6.74164724404525
$end
$temperature
298.15
$end
$mult
 1
$end
$sigma
 1
$end
$pressure
1.00000
$end
$scale
1.0
$end
$msrrho
$end
$freq
24.75
64.09
84.54
113.34
161.35
170.35
201.64
222.56
248.10
262.05
315.22
361.08
366.18
393.02
472.95
585.87
648.63
659.29
679.02
690.62
736.47
760.67
769.37
872.94
896.14
925.87
931.68
967.53
982.04
995.04
1013.50
1017.16
1063.75
1077.74
1084.83
1115.13
1123.26
1181.72
1203.73
1222.59
1230.95
1249.98
1268.60
1280.16
1317.25
1407.71
1412.81
1421.50
1448.77
1451.25
1462.02
1496.50
1499.47
1504.91
1506.72
1578.20
1589.28
2936.06
2941.10
2951.52
2954.95
3011.85
3012.30
3023.40
3025.17
3034.08
3041.12
3053.99
3067.35
3074.31
3086.68
3093.26
$end
