
$molecule
 P 1.77505057060377 -0.13179149120476 -3.32076506595852
 C 0.78180261762276 -0.16827275864910 -4.89848591984897
 H -0.10241856487634 0.46803824975950 -4.81617966634171
 H 1.43043452578788 0.24058232634934 -5.67888630305886
 C 0.39195702274925 -1.59265037252512 -5.27255394080881
 H -0.31012223910172 -2.00872616688454 -4.55340003284959
 H 1.27220900252848 -2.23242327771491 -5.29877911502130
 H -0.07694303461522 -1.61259921366200 -6.25527074590601
 C 1.79152181160041 1.66663820308688 -2.95654498452473
 C 1.50522412008963 2.66253862682319 -3.88275804909072
 C 2.21481814932799 2.04165498446103 -1.68258441837679
 C 1.59651951670293 3.99745754784733 -3.52699276789714
 C 2.30165543637345 3.37322202946653 -1.32692683179031
 C 1.98582851998121 4.35787610323249 -2.24918609748964
 H 1.20894254307386 2.40747552865515 -4.88874906529730
 H 2.47917446736847 1.27547868200303 -0.96634041217606
 H 1.36208773216217 4.76076296975915 -4.25545854743652
 H 2.62146572009453 3.64602789731525 -0.33139642617892
 H 2.05210246273507 5.40057680908891 -1.97513862659876
 C 0.47420037071618 -0.64500783369592 -2.07973581335792
 H 0.29910285299894 -1.71310375667382 -2.23525725130005
 H 0.94325989615691 -0.54230272770268 -1.09734782301801
 C -0.83975826982731 0.12305610887356 -2.10668421756472
 H -1.39467745398938 -0.07146982582972 -3.02116271663284
 H -0.66158835998592 1.19440280632986 -2.02983196212085
 H -1.46217641627810 -0.18146844850760 -1.26638619935559
$end
$temperature
298.15
$end
$mult
 1
$end
$sigma
 1
$end
$pressure
1.00000
$end
$scale
1.0
$end
$msrrho
$end
$freq
27.34
70.32
81.50
127.31
129.55
199.84
204.27
228.07
261.55
277.20
283.88
356.98
363.06
406.23
473.01
585.95
638.31
657.07
683.15
704.56
729.48
746.83
791.30
871.10
894.43
925.10
931.17
968.58
974.45
998.56
1012.46
1021.86
1065.61
1072.96
1085.90
1115.65
1123.37
1181.89
1203.34
1225.70
1227.82
1251.18
1266.81
1282.36
1316.94
1408.61
1410.76
1421.68
1451.09
1455.26
1461.98
1497.27
1501.01
1504.95
1508.42
1577.47
1589.03
2938.90
2942.37
2949.31
2960.77
3011.46
3013.19
3024.15
3024.75
3034.33
3039.13
3058.99
3068.38
3074.78
3087.11
3094.12
$end
