
$molecule
 P 1.37843577998281 -0.49754511299241 -2.59042532265890
 C 2.60336955231728 -1.84083656985080 -3.00503352940573
 H 3.62822222409217 -1.47104158328909 -2.92496512042409
 H 2.46040432186790 -2.62763760362534 -2.25842614555782
 C 2.34173737389855 -2.41725663227087 -4.39070391860345
 H 2.54097118437087 -1.68051680775973 -5.16578496162661
 H 1.30414791256588 -2.73384771072031 -4.48018014064102
 H 2.98122156070543 -3.28028072593076 -4.57024142086057
 C 2.13219154514516 0.21211465719437 -1.07529839201009
 C 1.62025987300828 1.43234520012875 -0.63739331561364
 C 3.09595409706114 -0.42200100273352 -0.30029034660232
 C 2.09279092874925 2.02747399786731 0.51569515622567
 C 3.56643138782274 0.17312757063464 0.85791085213049
 C 3.07472263839112 1.40040221740407 1.26567203227145
 H 0.84112175258365 1.91534985370164 -1.21151152110244
 H 3.48838250541125 -1.38428987642598 -0.59158503960757
 H 1.69211402959775 2.97890263374196 0.83508598343530
 H 4.32257767856278 -0.32786727729086 1.44570942969813
 H 3.44732433432688 1.86239033380074 2.16814490438817
 C 1.89996412087948 0.83243577743005 -3.79666697836083
 H 1.57299349467218 0.50172924649422 -4.78630611974334
 H 1.30235497631389 1.71289884681693 -3.54504718749771
 C 3.37704074672206 1.19992089704038 -3.81529104642220
 H 3.98470839702860 0.38279373019286 -4.19621241080149
 H 3.72372908951785 1.45350113624730 -2.81481188852089
 H 3.53420849440436 2.06291980419464 -4.46086955208775
$end
$temperature
298.15
$end
$mult
 1
$end
$sigma
 1
$end
$pressure
1.00000
$end
$scale
1.0
$end
$msrrho
$end
$freq
27.33
70.18
81.43
127.25
129.49
199.72
204.23
227.99
261.48
277.18
283.91
356.92
363.04
406.40
472.93
585.96
638.35
657.08
683.20
704.69
729.43
746.85
791.31
871.09
894.43
925.07
931.14
968.62
974.40
998.55
1012.40
1021.87
1065.61
1072.93
1085.87
1115.66
1123.34
1181.89
1203.33
1225.73
1227.85
1251.11
1266.78
1282.33
1316.95
1408.56
1410.71
1421.69
1450.88
1455.04
1462.19
1497.31
1501.04
1504.88
1508.49
1577.48
1589.08
2939.01
2942.42
2949.39
2960.72
3011.43
3013.23
3023.96
3024.84
3034.32
3039.01
3058.78
3068.34
3074.77
3087.02
3094.13
$end
