
$molecule
 P 1.64321762523862 -0.08922794573863 -2.84967053955005
 C 1.45364285491566 -1.01119014294518 -1.23867422422408
 H 1.98694604762975 -0.41292285352377 -0.49362245236473
 H 0.38892008074597 -0.92657221751484 -0.99560357325255
 C 1.87732671077790 -2.47172463603339 -1.15370512326537
 H 2.90374510387357 -2.60970725429703 -1.48622945368831
 H 1.22655276156086 -3.09963388921578 -1.75714025184991
 H 1.80523379175745 -2.81204590002336 -0.12090445340988
 C 3.43910322848684 -0.18343656868585 -3.18348869417978
 C 3.85142181829420 0.14641053145034 -4.47431833564205
 C 4.40673844214037 -0.41550254162356 -2.21337909280244
 C 5.19225694043190 0.17922485895783 -4.80266486302147
 C 5.75071747509908 -0.38114328525929 -2.54336638777570
 C 6.14803838451403 -0.09586829069468 -3.83771836973069
 H 3.10523421014273 0.38589575377179 -5.22045957068229
 H 4.12152487263118 -0.61907767870699 -1.19232259583662
 H 5.49549994734249 0.42587155053477 -5.81027960670788
 H 6.49249224049628 -0.57573401092942 -1.78158473550080
 H 7.19776103543339 -0.07403129561203 -4.09138762077130
 C 0.98804468553372 -1.34406758042164 -4.08138877090236
 H 0.10298680904291 -1.77408704732937 -3.60300629369964
 H 0.63062591530097 -0.76420766991475 -4.93799806554297
 C 1.91595025840098 -2.44539888522429 -4.57885578570387
 H 2.33011021633624 -3.02758728978555 -3.76165277918771
 H 2.74469440259415 -2.03024934594807 -5.14711940327445
 H 1.35960114127673 -3.11756536528607 -5.23155095743201
$end
$temperature
298.15
$end
$mult
 1
$end
$sigma
 1
$end
$pressure
1.00000
$end
$scale
1.0
$end
$msrrho
$end
$freq
50.29
83.39
107.37
119.90
173.77
175.77
212.94
223.37
243.81
276.19
326.60
367.25
372.40
394.54
490.68
585.50
623.09
658.70
676.30
691.44
729.40
742.12
767.41
877.48
899.66
928.21
933.04
968.94
986.61
1013.93
1015.30
1025.65
1065.25
1071.61
1084.58
1115.56
1121.28
1181.89
1202.40
1228.53
1234.73
1272.37
1278.90
1281.73
1317.90
1407.60
1411.54
1421.79
1453.77
1456.93
1464.40
1493.36
1497.20
1506.92
1518.76
1576.80
1588.32
2925.23
2933.22
2948.32
2950.78
3004.72
3007.27
3032.52
3040.10
3041.66
3055.11
3065.30
3067.58
3073.32
3086.02
3091.58
$end
