
$molecule
 P 1.54852776039359 -0.19031500179216 -3.27029449578079
 C 3.35653684591859 0.06504749374563 -2.89301480616292
 H 3.86291909472839 0.13163067935148 -3.86067604213187
 H 3.51526051214163 1.00543670587794 -2.36063775898880
 C 3.92381446299185 -1.11067796309811 -2.10563793663349
 H 3.81174549424654 -2.03179640556755 -2.67378134198287
 H 3.40073475842317 -1.23791903447958 -1.15978849621305
 H 4.98232163470774 -0.95943129668099 -1.89796643744683
 C 0.72043546859148 0.57933433119512 -1.82377444123444
 C -0.65814132844603 0.75379725136172 -1.93419901142721
 C 1.34102376754752 0.91743516376146 -0.62778368191444
 C -1.39035226163725 1.29469860950111 -0.89590399374431
 C 0.60542858280054 1.45350868393965 0.41566057175284
 C -0.75758566403109 1.65094142177042 0.28432592674710
 H -1.15473560847171 0.45960835047464 -2.84920663311982
 H 2.40190415584484 0.76968912697353 -0.49555796031087
 H -2.45666555907473 1.43411140002697 -1.00217862259185
 H 1.10290353615057 1.71794903743135 1.33817675033471
 H -1.32639116809192 2.07254391356303 1.10009825947571
 C 1.30199972770491 1.20532655179449 -4.48931757115963
 H 1.84603595768155 0.91952499946333 -5.39448762128721
 H 0.23795882878820 1.20616265334138 -4.74111777515360
 C 1.72467507436699 2.59441285397248 -4.03147914309609
 H 2.80107527320148 2.65349153297113 -3.89142098332625
 H 1.23718972574158 2.85602948481521 -3.09395665515581
 H 1.44201692778192 3.33166245628635 -4.78160009944811
$end
$temperature
298.15
$end
$mult
 1
$end
$sigma
 1
$end
$pressure
1.00000
$end
$scale
1.0
$end
$msrrho
$end
$freq
24.08
66.59
88.83
113.57
161.89
172.27
200.45
222.13
249.47
265.31
311.89
362.35
366.96
391.38
474.31
585.82
648.44
659.45
679.34
689.58
737.05
760.39
769.90
872.63
895.80
925.77
931.49
967.52
983.13
995.46
1013.72
1017.25
1063.82
1077.65
1085.14
1115.17
1123.70
1181.85
1204.07
1223.49
1230.45
1251.47
1267.97
1280.65
1317.18
1408.05
1412.94
1421.37
1449.55
1452.23
1461.10
1496.38
1499.38
1505.27
1505.92
1577.83
1589.13
2936.36
2941.60
2950.21
2956.75
3011.47
3012.18
3023.91
3025.95
3034.60
3041.57
3056.78
3067.63
3074.47
3086.85
3094.24
$end
