
$molecule
 P 1.64225699529229 0.45274588133934 -3.02195621262687
 C 2.44124835037809 0.66738699168115 -4.69288761115939
 H 2.01747336242262 -0.02968188080765 -5.41949134919839
 H 2.20914415471009 1.68669947735717 -5.01546566482366
 C 3.95355557230243 0.50590434515742 -4.60513062099428
 H 4.22450254148925 -0.51697075956255 -4.35300757817107
 H 4.36167193313997 1.16469807444895 -3.84075813829039
 H 4.41841566356522 0.75527677178935 -5.55786177880853
 C -0.13081268526273 0.36306702982475 -3.48629955933564
 C -0.65121050136377 0.77577003834137 -4.70710073109464
 C -1.01228423740832 -0.06630096822566 -2.49562182961013
 C -2.01413065598290 0.71641956395955 -4.94359995798574
 C -2.37117095182978 -0.12912048737132 -2.73337091821848
 C -2.87684099601313 0.25758871190208 -3.96408271487111
 H -0.00027745906912 1.14676486783565 -5.48395540575454
 H -0.62158891860224 -0.35185068696201 -1.52823817799576
 H -2.40350964839415 1.03242684074536 -5.90109059456833
 H -3.03940702013514 -0.47422687558860 -1.95740311628957
 H -3.93902079037376 0.20999587760736 -4.15443781235929
 C 1.93348899397498 -1.37080247733510 -2.72900785792948
 H 2.99764924043189 -1.48503546543845 -2.50502704947265
 H 1.39010057835478 -1.61473810836497 -1.81199293524154
 C 1.51558750045445 -2.31940630128528 -3.84376967198371
 H 2.13794782332704 -2.19358658975144 -4.72632770947017
 H 0.47707685284429 -2.15092389077034 -4.12410856050126
 H 1.61628530174635 -3.35047898052788 -3.50763344324537
$end
$temperature
298.15
$end
$mult
 1
$end
$sigma
 1
$end
$pressure
1.00000
$end
$scale
1.0
$end
$msrrho
$end
$freq
27.62
69.99
81.20
127.30
129.35
199.64
204.21
227.88
261.41
277.10
283.91
356.78
363.07
406.67
472.90
585.96
638.43
657.10
683.14
704.71
729.37
746.95
791.34
871.17
894.50
925.13
931.19
968.62
974.38
998.59
1012.38
1021.95
1065.58
1072.88
1085.86
1115.61
1123.29
1181.87
1203.26
1225.69
1227.87
1251.03
1266.82
1282.24
1316.96
1408.59
1410.70
1421.74
1450.99
1454.97
1461.81
1497.35
1501.02
1504.77
1508.52
1577.49
1589.05
2938.97
2942.45
2949.49
2960.72
3011.26
3013.25
3023.86
3024.74
3034.34
3038.96
3058.52
3068.37
3074.70
3087.07
3094.10
$end
