
$molecule
 P 1.72294355182139 -0.33239477029083 -2.97241759925460
 C 0.34529848915770 0.44457769041977 -1.96965423114241
 H -0.01559596659360 1.35486703825506 -2.45596994726403
 H -0.47422710069081 -0.27805710938522 -1.92813736823530
 C 0.81506064801655 0.75377176993777 -0.55226315636687
 H 1.64754503366176 1.45387654531380 -0.55935431414774
 H 1.14714630371038 -0.15734584015756 -0.05911571313157
 H 0.00551665891637 1.18774610364375 0.03301700061194
 C 0.73807514448682 -1.17321979432776 -4.27984752368149
 C 1.26885278598683 -2.34251471927928 -4.81327941889510
 C -0.47454903096547 -0.69978824025593 -4.76763828307617
 C 0.60685955276647 -3.02552124425161 -5.81738957766908
 C -1.13897088068765 -1.38519160988795 -5.76843587308683
 C -0.60078655488304 -2.54718384632570 -6.29624769252929
 H 2.20951068589655 -2.71302054956846 -4.42948432663758
 H -0.90763191281036 0.20573696785336 -4.36784981709832
 H 1.03036156902206 -3.93226346874840 -6.22477322687419
 H -2.08200415533439 -1.00992714632248 -6.14030275089859
 H -1.12347015974621 -3.07841369111251 -7.07830458005346
 C 2.22266771102406 1.12916886190944 -4.02750415683166
 H 2.86251450889192 0.72516939546402 -4.81787855493423
 H 1.33392944284293 1.55766315008468 -4.50088718451918
 C 2.98134782405718 2.18781403664915 -3.24045258929025
 H 3.83227939990880 1.74349572003527 -2.72764791248804
 H 2.33823663532291 2.65492708736835 -2.49776050486061
 H 3.34945881622359 2.96569666297614 -3.90786269764426
$end
$temperature
298.15
$end
$mult
 1
$end
$sigma
 1
$end
$pressure
1.00000
$end
$scale
1.0
$end
$msrrho
$end
$freq
28.03
72.85
79.66
100.44
121.09
177.03
204.23
217.15
245.22
265.00
271.95
325.92
362.74
441.04
456.86
585.96
655.28
660.55
686.00
703.27
734.28
740.92
789.81
874.90
898.97
926.90
932.44
969.43
971.22
1010.20
1014.70
1018.40
1070.90
1073.84
1083.24
1118.48
1120.48
1181.60
1198.87
1222.52
1231.85
1252.09
1255.48
1278.30
1315.31
1407.82
1411.26
1423.56
1444.35
1451.51
1457.83
1494.72
1497.61
1502.96
1507.79
1579.64
1589.42
2924.32
2934.89
2945.37
2949.46
3011.77
3012.69
3026.00
3028.73
3033.31
3036.76
3063.18
3066.17
3074.45
3079.85
3088.21
$end
