
$molecule
 P 1.59641232368569 -0.25245418044508 -2.79969903131942
 C 0.66713080212124 -1.50095230434008 -3.83354133728199
 H 1.19969917422401 -1.70392029137356 -4.76620873355464
 H 0.61578062567680 -2.42650392230209 -3.25344766994360
 C -0.74089665673733 -1.00284475181301 -4.13648657316157
 H -0.70862631798037 -0.08033706979008 -4.71301896458874
 H -1.28054124608600 -0.80607955180157 -3.21248511944525
 H -1.29526067429459 -1.74476420782293 -4.70907498086645
 C 3.10332224170695 -1.22236827788524 -2.38023776679383
 C 3.68970911192230 -0.95762697275674 -1.14704399298013
 C 3.69001889893360 -2.16575982671395 -3.21551854711315
 C 4.84210851558395 -1.61466305876370 -0.75561931551795
 C 4.83908064631059 -2.82733847951800 -2.82201101571704
 C 5.41871240491459 -2.55313883613319 -1.59424053711407
 H 3.22991936951081 -0.22671125706206 -0.49585226472999
 H 3.25449553033205 -2.39090765153167 -4.17816780632598
 H 5.28959876791247 -1.39728978592066 0.20358527755113
 H 5.28695865039692 -3.56032481903347 -3.47821056688104
 H 6.31735030090969 -3.07145151726947 -1.29280184567117
 C 2.33590688541617 0.75314999061295 -4.19019000784729
 H 2.84706571453571 0.08647464361612 -4.89125324238186
 H 1.50884073595709 1.23952952939392 -4.71457804549530
 C 3.29964334020988 1.80186127574981 -3.65402991191508
 H 4.12956337845667 1.32545289711879 -3.13426139478170
 H 2.79239800888544 2.46141199101643 -2.95262149326786
 H 3.70197646749511 2.40520343476952 -4.46625211285639
$end
$temperature
298.15
$end
$mult
 1
$end
$sigma
 1
$end
$pressure
1.00000
$end
$scale
1.0
$end
$msrrho
$end
$freq
10.67
52.81
71.98
99.55
131.47
159.43
199.29
214.99
232.59
266.25
290.97
333.85
361.58
429.18
452.24
586.03
656.92
661.89
687.26
698.93
735.85
762.17
779.20
873.57
898.02
926.23
932.62
969.16
977.11
993.96
1012.33
1018.70
1071.15
1077.17
1083.44
1117.40
1120.83
1181.62
1198.19
1224.44
1229.49
1251.12
1252.30
1279.98
1315.43
1409.62
1410.75
1423.34
1438.65
1448.23
1457.33
1497.25
1498.84
1501.02
1502.53
1579.64
1589.41
2925.81
2936.29
2948.03
2951.06
3013.81
3014.37
3019.92
3024.60
3029.88
3033.52
3062.08
3066.06
3074.25
3080.02
3088.02
$end
