
$molecule
 P 1.68904058415944 0.21170798040616 -3.04360012103752
 C 1.08567206898022 -0.03048203039111 -1.29344130929233
 H 1.92735462507201 0.20895856767643 -0.63721828979671
 H 0.27246696283805 0.66350605663768 -1.06451418955528
 C 0.65012200425329 -1.47037504332756 -1.05951232437412
 H 1.46346688265996 -2.15486273297859 -1.29296107223467
 H -0.19747253730286 -1.72226981486220 -1.69497489409705
 H 0.36027955305294 -1.62028191255433 -0.02063561850072
 C 0.13386028320416 -0.12595144964929 -3.97029928988384
 C 0.24856607509582 -0.89220146008010 -5.12492152319491
 C -1.12113070283902 0.33868605849750 -3.59381973059932
 C -0.86397267468687 -1.18707307911504 -5.89230693009389
 C -2.23426794995451 0.04174612384926 -4.35842852100835
 C -2.10921513052542 -0.71989744994781 -5.50877929572873
 H 1.22431898341898 -1.25685279867028 -5.41521253420128
 H -1.24006618494810 0.93284113468204 -2.69894108961305
 H -0.76092367182220 -1.78250224578813 -6.78803622635256
 H -3.20585175048796 0.40637236384218 -4.05577382013172
 H -2.98196572763833 -0.94876884180488 -6.10290985481647
 C 1.61581100617815 2.07715778237492 -3.12142227890673
 H 1.68113246147245 2.34223029063739 -4.18089683289728
 H 0.65225837846342 2.43107279307044 -2.74449833382971
 C 2.76337514055956 2.72281949285147 -2.35693787392302
 H 3.71846469059563 2.34522041025790 -2.71668603812501
 H 2.69072209759356 2.50800354537742 -1.29290844316258
 H 2.74857953261054 3.80358625900724 -2.48892556464448
$end
$temperature
298.15
$end
$mult
 1
$end
$sigma
 1
$end
$pressure
1.00000
$end
$scale
1.0
$end
$msrrho
$end
$freq
23.12
54.02
72.01
94.30
143.68
167.74
203.27
215.82
224.36
265.66
314.24
328.74
363.20
425.52
450.69
586.05
655.62
660.24
685.96
701.93
739.17
754.46
778.03
874.78
898.90
926.61
932.73
968.74
974.90
997.71
1013.15
1016.95
1071.42
1076.74
1083.10
1117.53
1121.37
1181.65
1199.07
1220.40
1225.56
1250.37
1255.57
1278.13
1315.60
1409.47
1411.33
1423.39
1446.23
1451.17
1459.00
1497.31
1498.50
1501.87
1502.28
1579.88
1589.65
2929.07
2934.46
2946.67
2949.89
3013.21
3014.11
3020.18
3026.85
3029.55
3033.81
3063.41
3063.98
3072.11
3077.52
3087.88
$end
