
$molecule
 P 1.46755644646996 -0.22517611756417 -3.06898207156133
 C -0.36295997501796 0.13024114450199 -3.20149571904051
 H -0.45433993880656 1.21075527710880 -3.34204587513137
 H -0.69969232358770 -0.34389476193045 -4.12820151978214
 C -1.23105282641273 -0.31281700127729 -2.03190039192668
 H -0.85849696321620 0.10172819890542 -1.09681040259468
 H -1.25519193525158 -1.39624655841925 -1.94621249379129
 H -2.25238502113688 0.03595232984694 -2.17802755195555
 C 1.75132758188067 0.49541768969200 -1.40440633290821
 C 2.14876226367987 -0.21335116555234 -0.27769428026595
 C 1.62596151176649 1.88070444332112 -1.31300123999564
 C 2.37604242802556 0.44461921477473 0.91925404527480
 C 1.84614548508284 2.53578141300475 -0.11753120277124
 C 2.21917067606195 1.81640822189623 1.00657151501036
 H 2.28371179207165 -1.28337171917938 -0.31797902701434
 H 1.35154070090579 2.44401734069742 -2.19492711757151
 H 2.67859379047379 -0.12072473149222 1.78948209496894
 H 1.73338949468226 3.60901611875110 -0.06093927638722
 H 2.39453905112431 2.32454926316194 1.94348759601781
 C 1.38748764079252 -2.05442512505650 -2.71740633188502
 H 0.93571829014037 -2.24520666997663 -1.74147600556516
 H 0.73555120629388 -2.48343720630906 -3.48432644869724
 C 2.76886085376340 -2.69208030191527 -2.81375672072069
 H 3.45747151041432 -2.24527140003199 -2.09918126119615
 H 3.18157334088098 -2.54470026173805 -3.80962688824735
 H 2.71298191891899 -3.76208163521905 -2.61777109226258
$end
$temperature
298.15
$end
$mult
 1
$end
$sigma
 1
$end
$pressure
1.00000
$end
$scale
1.0
$end
$msrrho
$end
$freq
24.35
66.47
88.56
113.62
161.81
172.14
200.46
222.16
249.38
265.17
312.06
362.25
366.93
391.56
474.26
585.80
648.45
659.46
679.38
689.63
737.03
760.41
769.88
872.65
895.82
925.79
931.51
967.51
983.08
995.46
1013.66
1017.27
1063.81
1077.65
1085.13
1115.17
1123.67
1181.84
1204.04
1223.41
1230.49
1251.36
1268.05
1280.62
1317.19
1408.18
1412.95
1421.32
1449.46
1452.13
1461.29
1496.40
1499.41
1505.26
1505.99
1577.85
1589.13
2936.41
2941.66
2950.33
2956.68
3011.48
3012.04
3023.86
3025.93
3034.61
3041.53
3056.64
3067.64
3074.50
3086.91
3094.23
$end
