
$molecule
 P 1.72687348773099 -0.49406120750231 -3.17737165273224
 C 2.52942503604847 0.91365042380296 -4.10778065321675
 H 3.08194428779964 1.55440051258784 -3.41497875174844
 H 3.25054929047604 0.45666558215480 -4.79200732330120
 C 1.51217289864542 1.72541814163177 -4.89796655185601
 H 0.81226782758798 2.22532840122683 -4.23178399930998
 H 0.94565162173261 1.07790249791755 -5.56428109176264
 H 2.01316898878849 2.48339412937783 -5.49810952978027
 C 3.24039611711035 -1.10788534189057 -2.32664202787482
 C 4.02838658217918 -0.34144229173102 -1.47561363754185
 C 3.60469559383623 -2.42671213964423 -2.57452163069219
 C 5.15544217771881 -0.88570985757723 -0.88789476933054
 C 4.73397747910815 -2.97107440608980 -1.98976039651549
 C 5.51182621206614 -2.19972214628669 -1.14361938010136
 H 3.76655324237974 0.68510179475412 -1.26204401111559
 H 2.98919154901979 -3.02379511249448 -3.23329807719041
 H 5.76022309928727 -0.28170109819195 -0.22612246547893
 H 5.00676266983080 -3.99686558146835 -2.19181829573202
 H 6.39363601506643 -2.62006806331876 -0.68233047146908
 C 0.94421731922486 0.48196668296585 -1.79153203878143
 H 1.61354756772510 1.27656034018628 -1.45101778766973
 H 0.04871352805310 0.95190701762373 -2.20824341253070
 C 0.55174660017253 -0.42756646999523 -0.63548814885327
 H 1.43338963825765 -0.89359551239140 -0.19823619516472
 H -0.11139366763154 -1.21742801970005 -0.98321520089060
 H 0.03811083778564 0.13749872405276 0.14080650064100
$end
$temperature
298.15
$end
$mult
 1
$end
$sigma
 1
$end
$pressure
1.00000
$end
$scale
1.0
$end
$msrrho
$end
$freq
23.36
54.33
71.99
94.20
143.92
167.86
203.25
215.84
224.36
265.55
314.53
328.67
363.16
425.43
450.74
586.10
655.60
660.21
685.93
702.03
739.19
754.36
778.06
874.78
898.88
926.61
932.72
968.75
974.85
997.81
1013.15
1016.93
1071.43
1076.73
1083.13
1117.56
1121.34
1181.66
1199.09
1220.35
1225.51
1250.43
1255.57
1278.10
1315.60
1409.21
1411.36
1423.43
1446.23
1451.20
1459.06
1497.35
1498.53
1501.90
1502.29
1579.87
1589.68
2928.90
2934.30
2946.64
2949.75
3013.26
3014.15
3020.28
3026.78
3029.52
3033.68
3063.40
3063.95
3072.14
3077.51
3087.91
$end
