
$molecule
 P 1.51935692697577 -0.08971000705869 -2.91346503988792
 C 0.28984448795745 0.68468829788872 -1.73863997535636
 H 0.18434972309062 0.00774941476641 -0.88646441527618
 H 0.68242900081416 1.63971184685439 -1.37663921920931
 C -1.05955212424763 0.88523041364854 -2.41313324511214
 H -1.44738090531227 -0.06394768478242 -2.77772249704229
 H -0.96425735025803 1.56234017860422 -3.26067786845405
 H -1.77987351477992 1.30695833740137 -1.71393210429498
 C 1.78364110246683 1.38314401806745 -3.98502914775153
 C 2.39838998269536 2.55856945628292 -3.56990147585470
 C 1.30486697329160 1.29764762328305 -5.28817969169853
 C 2.52865819416386 3.62355371897990 -4.44267233389455
 C 1.42956780815678 2.36452206403806 -6.15947121350535
 C 2.04396188612548 3.53091331702531 -5.73690994400355
 H 2.77995150778772 2.65094527246758 -2.56346001724138
 H 0.83069591954054 0.38101404292854 -5.61167207821494
 H 3.00964585202331 4.53289319241832 -4.11069026634607
 H 1.05009917962760 2.28650791209181 -7.16817873486937
 H 2.14658094819278 4.36661143241443 -6.41376893102874
 C 3.03353283556802 0.00815464266494 -1.82315025658644
 H 3.90150066420632 0.09446769488854 -2.48267486593880
 H 2.99304463251945 0.89354539506455 -1.18350873855395
 C 3.15842421707316 -1.24648976311961 -0.96716005862162
 H 3.20677512293073 -2.13217100354428 -1.59719872035106
 H 2.30142281199784 -1.34869781143671 -0.30417240347196
 H 4.05967711739178 -1.20661700183764 -0.35742575743450
$end
$temperature
298.15
$end
$mult
 1
$end
$sigma
 1
$end
$pressure
1.00000
$end
$scale
1.0
$end
$msrrho
$end
$freq
10.92
52.94
72.05
99.57
131.42
159.47
199.37
214.98
232.71
266.24
290.89
333.88
361.59
429.18
452.30
585.98
656.94
661.90
687.30
698.96
735.88
762.22
779.24
873.58
898.03
926.25
932.64
969.14
977.10
994.01
1012.30
1018.76
1071.15
1077.18
1083.43
1117.41
1120.83
1181.60
1198.20
1224.44
1229.49
1251.11
1252.30
1279.98
1315.43
1409.66
1410.77
1423.25
1438.67
1448.23
1457.49
1497.25
1498.82
1501.01
1502.53
1579.63
1589.34
2925.76
2936.34
2948.04
2951.05
3013.82
3014.40
3019.98
3024.55
3029.98
3033.48
3062.07
3066.12
3074.30
3080.13
3088.02
$end
