
$molecule
 P 1.63745851058105 -0.49227774781475 -3.23744714235175
 C 1.84459779905099 0.64797498380354 -1.77211702038871
 H 1.08295660554168 0.37402404202012 -1.03699221388438
 H 2.83043446612536 0.49380204849404 -1.32344245498269
 C 1.66903171325921 2.10246517330381 -2.18439023249927
 H 0.69024477302159 2.25457174578558 -2.63507753026073
 H 2.42703142184545 2.38523370470946 -2.91337703246913
 H 1.75785427517342 2.76026165132309 -1.32124938009946
 C 3.21423333139611 -0.07862548126829 -4.09266421824917
 C 4.47896022438304 -0.33035571626267 -3.57382934285752
 C 3.10664374029476 0.54761396284818 -5.32983758795082
 C 5.60914049581186 0.03843027428914 -4.28040801671812
 C 4.23659427013394 0.92136162548049 -6.03461632199817
 C 5.49181391427438 0.66576515508903 -5.50981601080158
 H 4.59086209451647 -0.81593670200212 -2.61520634464677
 H 2.12229109948318 0.74014530182686 -5.73426335596797
 H 6.58820656906085 -0.16292425012846 -3.86888922844958
 H 4.13921541240140 1.41022186386270 -6.99330714227901
 H 6.37796959251760 0.95350764395362 -6.05662462953107
 C 2.12181499636829 -2.09483542669265 -2.40759370957234
 H 2.53649812681275 -2.74539702626598 -3.18263048535203
 H 2.89195968606607 -1.92178844254367 -1.65165225043809
 C 0.90706326648061 -2.75922320092586 -1.77117719989810
 H 0.13773810939385 -2.93900931048234 -2.51920737283952
 H 0.48301143953926 -2.12601593959410 -0.99425596831935
 H 1.18244506646584 -3.71253893280841 -1.32287280719512
$end
$temperature
298.15
$end
$mult
 1
$end
$sigma
 1
$end
$pressure
1.00000
$end
$scale
1.0
$end
$msrrho
$end
$freq
6.12
50.65
70.57
98.57
132.41
158.74
199.06
214.71
231.09
266.49
293.25
333.08
361.83
429.33
451.41
585.98
656.68
661.93
687.29
698.87
736.20
761.06
778.38
873.68
898.14
926.26
932.67
969.09
976.88
993.98
1012.44
1018.54
1071.30
1077.03
1083.35
1117.32
1120.91
1181.60
1198.01
1224.17
1229.20
1251.09
1252.52
1279.95
1315.41
1409.69
1410.61
1423.30
1438.75
1447.74
1457.29
1497.22
1498.84
1501.06
1502.47
1579.68
1589.41
2926.95
2937.14
2948.33
2951.14
3013.69
3014.41
3019.71
3024.84
3030.02
3033.46
3062.68
3065.75
3073.96
3079.14
3087.96
$end
