
$molecule
 P 1.58889623243968 -0.47527812906500 -2.98157770698739
 C 3.41621917728635 -0.28320382407978 -3.29054449414339
 H 3.52525889258592 0.60108000835524 -3.92588433619105
 H 3.95615816383051 -0.09977312334753 -2.35922354434217
 C 3.97549651745007 -1.50225670584344 -4.01494994155357
 H 3.46595762994682 -1.64024274420449 -4.96638021676806
 H 3.83141872106480 -2.40611779041756 -3.42594333842547
 H 5.04056962058554 -1.38077092242412 -4.20780693428038
 C 1.53360602153183 -1.38043200463277 -1.38468363658956
 C 0.26064753738909 -1.55770267472400 -0.84538952218336
 C 2.62141033970750 -1.93686335971306 -0.72423177097489
 C 0.08136656762677 -2.23844353260428 0.34254317249156
 C 2.44081220908933 -2.62433428043863 0.46417045713534
 C 1.17560597530614 -2.77258339420611 1.00405577982711
 H -0.59336458082092 -1.15310449475195 -1.37255875024222
 H 3.61939584116526 -1.84008994710547 -1.12366036951041
 H -0.91132764690397 -2.35969757520730 0.75187186378996
 H 3.29693289263442 -3.04692683718864 0.97109189178812
 H 1.04101838267170 -3.30824302880577 1.93236836700531
 C 1.21003019983317 1.23176301997138 -2.31979467739305
 H 1.28482456162067 1.91509833071620 -3.17082547602858
 H 0.15975474031855 1.20884062402718 -2.01556856317422
 C 2.06987942169506 1.72552268651989 -1.16449637686619
 H 3.09899891221846 1.88334015629057 -1.47719562124411
 H 2.06081633524303 1.01016942652737 -0.34390995988022
 H 1.68179333448438 2.67392311635191 -0.79571229525992
$end
$temperature
298.15
$end
$mult
 1
$end
$sigma
 1
$end
$pressure
1.00000
$end
$scale
1.0
$end
$msrrho
$end
$freq
24.77
64.33
84.70
113.39
161.39
170.37
201.68
222.57
248.07
262.19
315.08
361.10
366.20
393.04
472.99
585.87
648.62
659.29
679.05
690.60
736.50
760.67
769.35
872.92
896.13
925.86
931.66
967.53
982.06
995.03
1013.48
1017.24
1063.76
1077.73
1084.84
1115.14
1123.27
1181.71
1203.74
1222.59
1230.91
1250.07
1268.57
1280.17
1317.26
1407.75
1412.84
1421.49
1448.79
1451.30
1461.95
1496.50
1499.45
1504.92
1506.66
1578.19
1589.28
2936.11
2941.15
2951.49
2955.09
3011.80
3012.33
3023.44
3025.15
3034.05
3041.10
3054.10
3067.38
3074.38
3086.73
3093.34
$end
