
$molecule
 P 1.63431888414809 -0.42802357692650 -3.00537889269416
 C 3.13592420735676 -0.97518078012218 -2.04766936467649
 H 3.90791071915972 -0.22334354870720 -2.23810432203866
 H 2.93489207791250 -0.98985144499771 -0.97440374528092
 C 3.62162202342209 -2.33688197477448 -2.53088158152298
 H 3.87128193111805 -2.29275140616216 -3.58899292377017
 H 2.85062093824596 -3.09424403441962 -2.40201441358368
 H 4.50793767853388 -2.64774317748382 -1.97939540505694
 C 0.24934455640388 -1.19189916675051 -2.07220793349703
 C -1.02693039463444 -0.84185434617231 -2.50955798717202
 C 0.37142020115356 -2.10927089573347 -1.03651499039367
 C -2.15289562214351 -1.36317278320289 -1.90360589483761
 C -0.75781339981289 -2.63622113099460 -0.43263720664269
 C -2.02028467894161 -2.26255527157224 -0.85776232752615
 H -1.12692874186381 -0.15155231549709 -3.33686093338491
 H 1.34333041619348 -2.42180103096027 -0.68637949727249
 H -3.13542462620505 -1.07496951542765 -2.24896394292683
 H -0.64837679307480 -3.34445392986844 0.37664137956315
 H -2.89757820951618 -2.67552435722844 -0.38171024732580
 C 1.46313099666055 1.31003512301157 -2.33806944111662
 H 2.29372282491616 1.88422038499431 -2.75904378444845
 H 0.54210512580450 1.70855013010494 -2.77288255691494
 C 1.42535596909346 1.46229228115566 -0.82372879620686
 H 2.37953094786911 1.19618175949902 -0.37593865569229
 H 0.64990239407476 0.83181273789152 -0.39205818967866
 H 1.20909557412552 2.49733327034432 -0.56297734590171
$end
$temperature
298.15
$end
$mult
 1
$end
$sigma
 1
$end
$pressure
1.00000
$end
$scale
1.0
$end
$msrrho
$end
$freq
24.70
64.25
84.68
113.38
161.35
170.28
201.61
222.56
248.05
262.17
315.12
361.13
366.20
392.95
472.98
585.83
648.65
659.29
679.08
690.53
736.48
760.64
769.41
872.90
896.12
925.84
931.66
967.51
982.03
995.06
1013.49
1017.29
1063.78
1077.74
1084.80
1115.17
1123.33
1181.71
1203.76
1222.57
1230.89
1250.01
1268.55
1280.17
1317.27
1407.77
1412.78
1421.44
1448.81
1451.21
1462.04
1496.58
1499.48
1504.92
1506.66
1578.23
1589.23
2936.12
2941.20
2951.51
2955.09
3011.88
3012.19
3023.43
3025.10
3034.18
3040.97
3054.13
3067.36
3074.37
3086.66
3093.39
$end
