
$molecule
 P 1.34975154308468 0.13410187817559 -2.88371395090792
 C 1.04538410507285 1.15255770822103 -4.41801295832093
 H 0.62457998456462 2.10604563680111 -4.08565401685948
 H 1.98749052810472 1.35874615492532 -4.93269231487735
 C 0.07048846730847 0.44906122118280 -5.35196144717670
 H -0.86836499670867 0.24757047248947 -4.83985041060977
 H 0.48427197521993 -0.50048702353916 -5.68837325148838
 H -0.13773526518261 1.06435094878362 -6.22579168022980
 C 2.28264807986385 -1.26317070380627 -3.63829447920483
 C 3.37875573488984 -1.10898153538510 -4.47910800502530
 C 1.84283197926560 -2.54671110318121 -3.33430827959670
 C 4.01876922648551 -2.21705220970712 -5.00264863991406
 C 2.48227694504095 -3.65611651449599 -3.85789326598326
 C 3.57307067321836 -3.49204396464618 -4.69412891124103
 H 3.74160314747384 -0.12257055748397 -4.73184219888451
 H 0.99009672675509 -2.66551559463366 -2.68001659944617
 H 4.87047412439822 -2.08644580698266 -5.65540863731815
 H 2.13081253108484 -4.64840144086093 -3.61425582261913
 H 4.07652086759179 -4.35466838589499 -5.10585390423361
 C 2.77903981804044 1.12213881863282 -2.20208828903648
 H 3.50117048263710 1.34634300082873 -2.99147402101629
 H 2.36412213514387 2.06898081024609 -1.84415199753581
 C 3.45392324435554 0.38211666051395 -1.05559090661810
 H 3.87563710018435 -0.55876297753169 -1.40611072295818
 H 2.73379238510347 0.15944707433919 -0.27063818767140
 H 4.25562245700513 0.98254343301051 -0.62865610122729
$end
$temperature
298.15
$end
$mult
 1
$end
$sigma
 1
$end
$pressure
1.00000
$end
$scale
1.0
$end
$msrrho
$end
$freq
17.99
50.45
65.16
121.27
122.36
164.35
199.71
213.96
232.39
295.32
318.30
320.61
363.62
401.32
450.38
586.11
657.50
668.71
687.40
704.78
735.17
753.36
780.21
875.02
899.15
926.85
932.96
969.39
975.72
998.48
1003.55
1020.12
1062.78
1082.79
1085.05
1116.99
1121.58
1181.69
1198.87
1217.02
1229.76
1244.53
1255.31
1278.95
1315.83
1410.37
1411.00
1423.55
1442.69
1449.93
1458.10
1497.22
1497.33
1501.66
1501.87
1580.02
1589.62
2931.57
2936.87
2944.72
2951.32
3013.91
3014.36
3019.30
3019.49
3029.50
3030.60
3061.41
3063.73
3070.78
3076.99
3087.70
$end
