
$molecule
 P 2.13718196032945 0.27045086110264 -3.09761783974969
 C 0.89221784972874 -1.05356286087186 -2.65852916659039
 H -0.07520855580772 -0.54661274706039 -2.60620979436958
 H 0.84583835514598 -1.73380851507451 -3.51338640062872
 C 1.13949090023344 -1.82694431338079 -1.37094340543259
 H 1.26455979005492 -1.14621210731683 -0.53046351421744
 H 2.02654451995383 -2.45099940098473 -1.44675209131050
 H 0.29041397682302 -2.47627817626030 -1.16195464935818
 C 2.12798703280669 1.17922024281382 -1.50344691493554
 C 3.24279228427762 1.36782730216758 -0.69520011457858
 C 0.93056679175360 1.79512420696223 -1.14339326620466
 C 3.14768887603752 2.11535591876566 0.46630206583537
 C 0.83517428731319 2.53720427885770 0.01734486137675
 C 1.94543656884879 2.69473917434198 0.83120353886070
 H 4.19432228015444 0.93456184475036 -0.96301287085951
 H 0.06705040577251 1.68849647679084 -1.78597173713412
 H 4.02108584881254 2.24589534506520 1.08951607576818
 H -0.10385880453321 2.99913345117990 0.28680836978099
 H 1.87520542141673 3.27413112928531 1.74010091343078
 C 3.72906080028236 -0.68978709077799 -2.95338042881220
 H 4.53780201965994 0.03712383879423 -3.07360981811454
 H 3.81960684774838 -1.14660045460982 -1.96514052131762
 C 3.83990661208198 -1.74210666616490 -4.04934035452415
 H 3.69208122901408 -1.28814929946324 -5.02756334268138
 H 3.09370759041291 -2.52293243717984 -3.92003214213862
 H 4.82447311167807 -2.20717400173411 -4.03140845209423
$end
$temperature
298.15
$end
$mult
 1
$end
$sigma
 1
$end
$pressure
1.00000
$end
$scale
1.0
$end
$msrrho
$end
$freq
27.33
70.43
81.71
127.25
129.52
199.80
204.30
227.99
261.51
277.18
283.86
356.98
363.05
406.36
472.96
585.99
638.35
657.07
683.09
704.68
729.48
746.91
791.30
871.10
894.42
925.08
931.15
968.60
974.44
998.54
1012.45
1021.91
1065.62
1072.95
1085.90
1115.63
1123.35
1181.90
1203.35
1225.76
1227.83
1251.15
1266.81
1282.36
1316.94
1408.54
1410.74
1421.69
1450.99
1455.20
1462.07
1497.27
1501.00
1504.94
1508.43
1577.46
1589.09
2938.93
2942.43
2949.32
2960.83
3011.43
3013.27
3024.00
3024.74
3034.33
3039.06
3058.87
3068.37
3074.75
3087.06
3094.12
$end
