
$molecule
 P 1.42196704534596 -0.74183354062594 -2.78448165904442
 C 1.75487878875660 -0.38273886432055 -0.98554671755185
 H 1.56406222717457 0.66807360959763 -0.75590135257398
 H 1.05036999957943 -0.99501975218428 -0.41481064872576
 C 3.17696940116965 -0.77130866396589 -0.60134220723142
 H 3.90512461360522 -0.13634882792535 -1.10125510494534
 H 3.37672747188862 -1.80411255848971 -0.88104159714732
 H 3.32109407903792 -0.67212815120212 0.47353441260014
 C -0.18833291634939 0.10486149144248 -3.02455930112989
 C -0.62118746341677 0.25042655924040 -4.34145874178763
 C -1.02746609725843 0.52083467785589 -1.99787821861042
 C -1.83691355692522 0.83941276646340 -4.62796336395850
 C -2.24798351392312 1.10793792772757 -2.28554484269091
 C -2.65356463419373 1.27669382936802 -3.59751751332924
 H 0.00735513298781 -0.10620926196135 -5.14636623594337
 H -0.73835099281845 0.39168174125140 -0.96609524254026
 H -2.15279304204131 0.95339434323797 -5.65508624706322
 H -2.88627175423895 1.43489655004531 -1.47686976124719
 H -3.60522349325582 1.73816944665308 -3.81687025391978
 C 2.51574626025353 0.53487032269635 -3.60303215541587
 H 3.54617269527407 0.19215266599743 -3.47497936190455
 H 2.29318037362299 0.47424888256854 -4.67193552245525
 C 2.36605914136969 1.97273772358383 -3.12629711394992
 H 2.71302172710143 2.08989174145784 -2.10259817668342
 H 1.32581700015452 2.28990695148363 -3.17904815102233
 H 2.95783250710123 2.63402239000203 -3.75774692172800
$end
$temperature
298.15
$end
$mult
 1
$end
$sigma
 1
$end
$pressure
1.00000
$end
$scale
1.0
$end
$msrrho
$end
$freq
28.01
69.18
80.21
127.11
129.06
199.41
204.08
227.68
261.09
277.01
284.04
356.41
363.06
407.21
472.71
586.00
638.44
657.16
683.04
704.76
729.28
746.99
791.36
871.27
894.61
925.17
931.22
968.65
974.24
998.57
1012.26
1021.84
1065.58
1072.78
1085.77
1115.66
1123.17
1181.84
1203.16
1225.68
1227.99
1250.79
1266.83
1282.14
1316.99
1408.47
1410.72
1421.74
1451.04
1454.60
1461.89
1497.33
1500.90
1504.74
1508.60
1577.57
1589.13
2939.05
2942.41
2949.68
2960.43
3011.44
3013.27
3023.86
3024.83
3034.06
3039.03
3057.93
3068.30
3074.72
3087.06
3094.15
$end
