
$molecule
 P 1.17172616124261 -0.39538804327436 -2.75138998003857
 C -0.17363868771511 0.86965258322693 -2.99915361997072
 H 0.32940384099666 1.83951932271603 -3.06072176717663
 H -0.70312524940380 0.70236715460423 -3.93948590891754
 C -1.14080202778036 0.87232849997592 -1.82091153421909
 H -0.60841119595435 1.09514176433492 -0.89852476171387
 H -1.61639276481958 -0.09970072942876 -1.70429919844623
 H -1.91731653009720 1.62303819300934 -1.96166147278785
 C 0.42763870845847 -1.92782853491573 -3.43716273466170
 C -0.89471691185929 -2.08624019956131 -3.83142182338427
 C 1.28042501157213 -3.02870962160489 -3.49662241637182
 C -1.34136514802713 -3.30832507909198 -4.30526578197401
 C 0.83633971551046 -4.24574319788121 -3.97447667758973
 C -0.47972670711398 -4.38790609409162 -4.38439391034815
 H -1.59019972491622 -1.26267534205468 -3.77741158562709
 H 2.30321958657697 -2.91879742752899 -3.16087402968643
 H -2.37145867088200 -3.41599943658380 -4.61479858511468
 H 1.51261362712005 -5.08719522724778 -4.02250602063897
 H -0.83321889581211 -5.33830006053703 -4.75668635953039
 C 2.26339997920875 0.03169511172634 -4.20786942255482
 H 2.72797856291609 0.99369661353238 -3.97222388533954
 H 3.05972661086690 -0.71792426336111 -4.21578629129379
 C 1.59343828652464 0.08537878372799 -5.57393693924531
 H 0.88740596842438 0.90969195430306 -5.63562141220124
 H 1.06391284548319 -0.84314503784421 -5.78039909228976
 H 2.34609260947982 0.22922531385160 -6.34782278887784
$end
$temperature
298.15
$end
$mult
 1
$end
$sigma
 1
$end
$pressure
1.00000
$end
$scale
1.0
$end
$msrrho
$end
$freq
24.65
64.28
84.94
113.49
161.40
170.39
201.68
222.57
248.18
262.37
314.88
361.21
366.24
392.85
473.08
585.85
648.64
659.30
679.06
690.50
736.56
760.62
769.33
872.91
896.14
925.87
931.67
967.51
982.12
995.07
1013.60
1017.24
1063.76
1077.72
1084.83
1115.17
1123.33
1181.71
1203.76
1222.63
1230.87
1250.19
1268.51
1280.19
1317.26
1407.76
1412.82
1421.47
1448.76
1451.33
1462.01
1496.55
1499.47
1504.94
1506.63
1578.16
1589.24
2936.11
2941.14
2951.46
2955.16
3011.78
3012.25
3023.49
3025.14
3034.11
3040.94
3054.28
3067.43
3074.35
3086.70
3093.40
$end
