
$molecule
 P 1.57699240601784 -0.21135401334248 -2.88217692380210
 C 2.57847100418757 0.62085236213074 -4.22209521181143
 H 3.37544758240251 1.22344555327833 -3.77803917818930
 H 3.04511744962168 -0.18262464242751 -4.79972938297998
 C 1.70624213717826 1.47213349094876 -5.13481162614736
 H 1.26808396177934 2.30420456286997 -4.58773260792628
 H 0.89789066291478 0.87491011333063 -5.55203450169033
 H 2.29543982156798 1.87622830030138 -5.95655248081865
 C 2.97447541695995 -1.01935978779549 -1.99561614223356
 C 4.07531132363297 -0.34191850503770 -1.48382195598877
 C 2.90320460597871 -2.39943946394445 -1.84171310231438
 C 5.08090868403821 -1.03334285887958 -0.83384044869277
 C 3.90978781345993 -3.09240030016464 -1.19343832220882
 C 5.00173889105659 -2.40863050295075 -0.68744761354898
 H 4.15450128676953 0.73116403948323 -1.58510681632100
 H 2.04494853748387 -2.92557878862510 -2.23652215583588
 H 5.93183438112638 -0.49676231454650 -0.43820626442908
 H 3.84232227758041 -4.16489510823015 -1.08080726347655
 H 5.78992622680137 -2.94416560391145 -0.17849619739125
 C 1.30187998676694 1.26056548954257 -1.76687741999437
 H 2.20704501133847 1.87028953822486 -1.70166972905150
 H 0.51984241746619 1.86607457867015 -2.23380785363697
 C 0.84748518835029 0.81876578627640 -0.38266608725612
 H 1.62148574185590 0.22691467075040 0.10350496963603
 H -0.05027395451050 0.20780286469515 -0.45552474552658
 H 0.62763813817483 1.68206953935318 0.24349606163566
$end
$temperature
298.15
$end
$mult
 1
$end
$sigma
 1
$end
$pressure
1.00000
$end
$scale
1.0
$end
$msrrho
$end
$freq
21.98
52.50
71.76
94.94
142.00
166.95
203.65
215.63
224.47
265.98
312.73
328.99
363.36
425.99
450.38
586.08
655.52
660.45
686.34
701.66
739.12
754.45
777.90
874.82
898.97
926.65
932.75
968.77
974.90
997.51
1013.14
1016.93
1071.35
1076.71
1083.11
1117.49
1121.33
1181.64
1198.90
1220.63
1225.84
1250.28
1255.45
1278.24
1315.56
1409.28
1411.29
1423.37
1445.68
1450.52
1458.69
1497.32
1498.57
1501.92
1502.31
1579.84
1589.68
2929.71
2935.28
2946.99
2950.13
3013.42
3014.12
3020.07
3026.73
3029.43
3033.62
3063.22
3064.01
3071.90
3077.47
3087.89
$end
