
$molecule
 P 1.55467699164296 -0.25108432596189 -3.01223386679589
 C 3.33170124935349 -0.80859121160276 -3.11648429584816
 H 3.91542994115169 -0.12649441126345 -3.73923193994961
 H 3.72600042878490 -0.76774612872883 -2.09685549504565
 C 3.43676501687766 -2.23881335869846 -3.63011870358555
 H 3.12447924709308 -2.30691067097198 -4.66977621680896
 H 2.80557541715339 -2.90108163910256 -3.04031443671042
 H 4.46461506152217 -2.59204101667975 -3.56099989230292
 C 1.77458435359336 1.55118779758955 -2.74745145892878
 C 0.66296521761612 2.36433337884252 -2.96159304063924
 C 2.93690486298669 2.13114939290280 -2.25230594194119
 C 0.72601558263749 3.72573924690915 -2.73791314775080
 C 2.99802363570583 3.49511084095977 -2.02352950189064
 C 1.89902827846675 4.29784966038687 -2.27278330489570
 H -0.26033631553321 1.91998189275164 -3.30733434404339
 H 3.80427771607018 1.52490318166870 -2.04012059240670
 H -0.14206442504310 4.34283113953107 -2.92080228290667
 H 3.91172295863807 3.93230142258946 -1.64636887832544
 H 1.95219031167677 5.36222027060811 -2.09674104644808
 C 1.09875722866111 -0.21307775210400 -4.82475982940049
 H 1.02010528320031 -1.25532267307027 -5.14616412212367
 H 0.09016842132477 0.20648307767312 -4.87150993112766
 C 2.02527136755325 0.56435880721387 -5.74899829993449
 H 3.00004563629677 0.08893613258054 -5.82521990576107
 H 2.16316146688473 1.58259740401358 -5.38916417200537
 H 1.59568106568470 0.60985854196319 -6.74883735242334
$end
$temperature
298.15
$end
$mult
 1
$end
$sigma
 1
$end
$pressure
1.00000
$end
$scale
1.0
$end
$msrrho
$end
$freq
24.97
72.20
84.26
127.22
130.39
200.63
204.66
228.75
262.46
277.59
283.55
358.23
362.91
404.33
473.56
585.98
638.03
656.84
683.19
704.30
729.79
746.44
791.03
870.67
894.03
924.90
931.03
968.48
974.82
998.73
1012.89
1021.94
1065.68
1073.33
1086.16
1115.59
1123.69
1181.98
1203.67
1225.79
1227.56
1251.96
1266.75
1282.76
1316.82
1408.76
1410.76
1421.70
1451.15
1456.47
1461.99
1497.21
1501.22
1505.26
1508.04
1577.24
1588.95
2938.67
2942.16
2948.79
2961.36
3011.07
3013.12
3024.68
3024.80
3035.13
3039.49
3061.11
3068.53
3074.94
3087.11
3093.93
$end
