
$molecule
 P 1.64090138944905 -0.12025627779103 -2.95933030236746
 C 1.57699844167722 0.71115224563699 -1.28877194653986
 H 1.50942915508343 -0.08569968849613 -0.54269559443434
 H 2.49670559269673 1.27210272829190 -1.10208571554861
 C 0.35989664116888 1.61905590464060 -1.17887630264793
 H -0.55157440644131 1.05605065552462 -1.37070835728294
 H 0.41847931764991 2.42713390833495 -1.90645941423156
 H 0.29361269167285 2.05438989162672 -0.18299946742512
 C 1.87912834414086 1.35888650749532 -4.03052241124943
 C 2.78156644594436 2.38251443981983 -3.76502670010951
 C 1.09331765020458 1.43555157230150 -5.17507881536202
 C 2.89332488760428 3.45676107569776 -4.62830588263262
 C 1.20538244548072 2.50918762527250 -6.04020798747315
 C 2.10723298282694 3.52307232087321 -5.76708032599979
 H 3.40160317139444 2.35121146275204 -2.88036722316280
 H 0.38890534925934 0.64098331956120 -5.37943869617428
 H 3.59730336741732 4.24801349221487 -4.41186350084765
 H 0.58873433449681 2.55659457188249 -6.92620047599154
 H 2.19798736247347 4.36482824651886 -6.43810927142505
 C 3.41598390640134 -0.70232164252601 -2.92818715796964
 H 3.67633519002252 -0.94918573688150 -3.96173918775725
 H 4.07363903320212 0.10644999002204 -2.59854009354022
 C 3.59195863913622 -1.93029279917905 -2.04507738846062
 H 2.91676010892693 -2.72354828008863 -2.35972761174408
 H 3.37880945355484 -1.69403293865210 -1.00468808970255
 H 4.61343450456100 -2.30212659485838 -2.10844807992103
$end
$temperature
298.15
$end
$mult
 1
$end
$sigma
 1
$end
$pressure
1.00000
$end
$scale
1.0
$end
$msrrho
$end
$freq
19.83
51.27
71.54
95.05
141.34
166.14
203.57
215.31
224.64
266.22
311.52
329.21
363.39
426.32
450.15
586.03
655.59
660.56
686.50
701.45
738.96
754.63
777.70
874.73
898.92
926.59
932.74
968.78
974.96
997.10
1013.10
1016.93
1071.37
1076.68
1083.13
1117.41
1121.37
1181.65
1198.80
1220.80
1226.02
1250.22
1255.30
1278.37
1315.52
1409.41
1411.24
1423.39
1445.27
1450.07
1458.31
1497.31
1498.59
1501.82
1502.25
1579.88
1589.69
2930.08
2935.83
2947.15
2950.31
3013.56
3014.22
3019.81
3026.72
3029.37
3033.62
3063.11
3064.03
3071.81
3077.45
3087.88
$end
