
$molecule
 P 1.87918971144936 0.36006847241890 -2.81016495547084
 C 1.37826466268325 1.24091611446400 -4.37549590384024
 H 0.29907348892913 1.17322801009763 -4.53139413064783
 H 1.64161586806059 2.29320398989279 -4.23317430675001
 C 2.13535512745794 0.69821874037492 -5.58090169071576
 H 1.84643971882193 -0.32820593954813 -5.79583150795696
 H 3.20782242976079 0.71872935041506 -5.39590129298896
 H 1.92710752909109 1.30136061045968 -6.46342821215288
 C 0.59716852989456 0.96080072834940 -1.64275215039299
 C -0.19315589899631 2.08539228293479 -1.84870920348710
 C 0.49121500822827 0.28380915382109 -0.42896260832246
 C -1.09752388107743 2.49275544862656 -0.88275205118430
 C -0.41394402232715 0.68804992957814 0.53248944779343
 C -1.21766341463593 1.79357952078208 0.30509379836987
 H -0.11125703260267 2.65366775446617 -2.76260874967593
 H 1.12992891393868 -0.56870042047574 -0.24140373837031
 H -1.71161102809184 3.36422778488199 -1.06079563123895
 H -0.49033092836917 0.14523435695865 1.46377765472802
 H -1.92694320679339 2.11320344717794 1.05440804081014
 C 1.17574846705953 -1.34247954705606 -3.12978516610723
 H 1.81480009700211 -1.80683955921958 -3.88587319387064
 H 1.32405689993191 -1.90444778717627 -2.20359392474603
 C -0.28640166507099 -1.41278451630399 -3.54728425565155
 H -0.43881058088504 -0.98156972570117 -4.53363076131797
 H -0.91646600418113 -0.88232528423757 -2.83519264222152
 H -0.61017678927953 -2.45209691597991 -3.58279786459025
$end
$temperature
298.15
$end
$mult
 1
$end
$sigma
 1
$end
$pressure
1.00000
$end
$scale
1.0
$end
$msrrho
$end
$freq
27.01
70.46
81.98
127.39
129.68
199.79
204.41
228.08
261.76
277.25
283.89
357.06
363.03
406.11
473.01
585.97
638.33
657.05
683.13
704.63
729.42
746.82
791.35
871.04
894.36
925.05
931.12
968.60
974.50
998.59
1012.51
1021.91
1065.63
1073.02
1085.88
1115.63
1123.40
1181.90
1203.40
1225.81
1227.83
1251.27
1266.78
1282.37
1316.90
1408.53
1410.80
1421.69
1451.02
1455.26
1462.14
1497.27
1501.02
1504.92
1508.41
1577.42
1589.06
2938.85
2942.33
2949.20
2960.84
3011.21
3013.19
3023.94
3024.89
3034.49
3039.12
3059.02
3068.35
3074.73
3087.01
3094.10
$end
