
$molecule
 P 1.58034671290650 -0.43824260782487 -2.94667678518601
 C 0.48907724834436 1.01070977871516 -2.50719327914780
 H 0.22237022452959 1.49892782207704 -3.44919584851137
 H -0.43350728172796 0.66707356576799 -2.03225635993208
 C 1.22340866503577 1.99030545864122 -1.60237797136706
 H 2.14217017354736 2.33003126884425 -2.07651948546994
 H 1.48472519242521 1.51397797452931 -0.65857727737018
 H 0.60217161092120 2.85911628161990 -1.39086481810956
 C 1.71214662118566 -1.23410845893193 -1.29101041805274
 C 0.62987498232184 -1.49195246759139 -0.45770312409477
 C 2.98729787265771 -1.59341071103940 -0.86880967622839
 C 0.82277811263299 -2.09578634533439 0.77102548381748
 C 3.18129197962318 -2.19868356462706 0.35992810480878
 C 2.09712968272567 -2.45057077884767 1.18284348721540
 H -0.37218231738537 -1.22283083530106 -0.76102977143366
 H 3.82854358527115 -1.39201077275603 -1.51774388521443
 H -0.02533972220811 -2.29131033850984 1.41214182752884
 H 4.17716267028128 -2.47360024940280 0.67644633720621
 H 2.24258839659723 -2.92222613297267 2.14383072410286
 C 0.26406070257899 -1.52968098462017 -3.69508673575114
 H -0.61110739853998 -1.57409465866730 -3.04152504384594
 H -0.03780096219856 -1.06104914373766 -4.63630293963077
 C 0.80425761125071 -2.92847350046205 -3.95796340307649
 H 1.10112433162548 -3.40301175023867 -3.02379742642025
 H 1.67611060227138 -2.88341185075075 -4.60769839501416
 H 0.04869670332678 -3.54957999857904 -4.43635332082297
$end
$temperature
298.15
$end
$mult
 1
$end
$sigma
 1
$end
$pressure
1.00000
$end
$scale
1.0
$end
$msrrho
$end
$freq
18.22
50.25
65.07
121.05
122.37
164.27
199.46
213.97
232.48
295.17
317.42
321.39
363.62
401.35
450.40
586.12
657.51
668.68
687.42
704.78
735.18
753.42
780.18
875.05
899.18
926.88
932.99
969.38
975.71
998.42
1003.62
1020.05
1062.80
1082.82
1085.10
1116.94
1121.48
1181.70
1198.85
1217.02
1229.73
1244.57
1255.28
1278.92
1315.81
1410.34
1411.01
1423.60
1442.53
1449.93
1458.04
1497.22
1497.34
1501.64
1501.84
1579.98
1589.61
2931.52
2936.87
2944.75
2951.25
3013.98
3014.44
3019.42
3019.56
3029.43
3030.53
3061.37
3063.65
3070.73
3076.93
3087.72
$end
