
$molecule
 P 1.63784340038273 -0.24252281287131 -3.01402865476890
 C 2.37192260125488 -0.36386996986760 -4.72807661615977
 H 3.40799878093335 -0.01409877057474 -4.71735448526385
 H 2.37817829510257 -1.42763648796776 -4.98378151059574
 C 1.55268907439128 0.40787113190477 -5.75342259421168
 H 1.57142128690149 1.47490117039475 -5.54208802253134
 H 0.51662838864516 0.07536391662884 -5.73871255304080
 H 1.95051054598458 0.25101287980253 -6.75483591863798
 C 2.94708289172736 -1.19081110910125 -2.13213907987748
 C 4.29137424360194 -0.83747374547347 -2.10741526891359
 C 2.54142923898816 -2.33976809872424 -1.46218156898311
 C 5.20666728732418 -1.61909973558762 -1.42679690147321
 C 3.45694833975422 -3.12444284989820 -0.78422818616764
 C 4.79321629220820 -2.76383169743357 -0.76524436906592
 H 4.63383967586010 0.05236498523224 -2.61617664233281
 H 1.49499924762153 -2.61195011165296 -1.47814942667138
 H 6.24935819606578 -1.33430091656995 -1.41204550115294
 H 3.12887182246384 -4.01577012198827 -0.26906831566723
 H 5.51242880319897 -3.37148328020960 -0.23556582701044
 C 2.15594022997010 1.50242809492501 -2.59887714498535
 H 3.16682498902765 1.70399763372540 -2.96331870945270
 H 1.46824240896229 2.16616772675295 -3.13084636256267
 C 2.05830127267371 1.76121793023351 -1.10180681665632
 H 2.74718651785134 1.11843372967447 -0.55599388353666
 H 1.05019487699659 1.55560415822227 -0.74685692578372
 H 2.29932429210742 2.79855635042345 -0.87463771449702
$end
$temperature
298.15
$end
$mult
 1
$end
$sigma
 1
$end
$pressure
1.00000
$end
$scale
1.0
$end
$msrrho
$end
$freq
23.64
54.97
72.15
94.07
144.50
168.14
203.12
215.89
224.28
265.42
315.04
328.58
363.10
425.27
450.88
586.09
655.63
660.15
685.74
702.13
739.21
754.47
778.08
874.77
898.86
926.61
932.71
968.74
974.88
997.88
1013.22
1016.96
1071.46
1076.75
1083.10
1117.57
1121.41
1181.65
1199.16
1220.29
1225.45
1250.43
1255.63
1278.06
1315.62
1409.37
1411.38
1423.38
1446.49
1451.44
1459.26
1497.29
1498.50
1501.86
1502.27
1579.86
1589.67
2928.68
2933.98
2946.53
2949.70
3013.13
3014.12
3020.28
3026.91
3029.68
3033.86
3063.44
3064.01
3072.22
3077.53
3087.85
$end
