
$molecule
 P 1.53071971562010 -0.08804474193162 -2.71384210277911
 C 0.81368674415587 1.45056687524225 -3.48250646242075
 H 1.50021859649539 1.73726194695659 -4.28496546933627
 H -0.16295927143325 1.24933649081538 -3.92779937912379
 C 0.72620046095679 2.57890633813133 -2.46126156199734
 H 1.71480218619424 2.80717811395801 -2.06828850389670
 H 0.09141684463042 2.29832261152975 -1.62284819531964
 H 0.31903823304111 3.48036767250440 -2.91726992100099
 C 0.05249805465057 -0.92895658323150 -2.02115040833459
 C -1.22199302017750 -0.38552204786907 -1.92335133394829
 C 0.27950464897050 -2.20133678773487 -1.49932701094086
 C -2.25030222785336 -1.11342921154179 -1.34869061327714
 C -0.74733724127453 -2.92931960199576 -0.93156086082931
 C -2.02010437899455 -2.38627521080416 -0.85774024388593
 H -1.42990614001797 0.60642118097478 -2.29439970048456
 H 1.27775605531061 -2.61651488865312 -1.54381261344928
 H -3.23887988461582 -0.68083951147092 -1.28491205107975
 H -0.55678727874479 -3.91828929059725 -0.53998088498640
 H -2.82656846997236 -2.95040173911127 -0.41256655917300
 C 1.72246754437749 -1.13397776525886 -4.25158490503020
 H 2.53940677195777 -0.68799129859229 -4.82649571734471
 H 2.06708980253157 -2.11337726959290 -3.90798328196892
 C 0.48671427285085 -1.30043118190234 -5.12513649059502
 H 0.19863323634429 -0.35878322515857 -5.58565481960794
 H -0.35207355719784 -1.67270761908232 -4.53947572923345
 H 0.69186430219451 -2.01480825558438 -5.92116317995571
$end
$temperature
298.15
$end
$mult
 1
$end
$sigma
 1
$end
$pressure
1.00000
$end
$scale
1.0
$end
$msrrho
$end
$freq
25.02
64.59
85.28
113.47
161.56
170.51
201.53
222.39
248.16
262.75
314.47
361.37
366.33
392.79
473.24
585.84
648.67
659.33
679.03
690.40
736.64
760.55
769.45
872.87
896.09
925.85
931.64
967.52
982.29
995.11
1013.56
1017.27
1063.77
1077.68
1084.86
1115.18
1123.37
1181.73
1203.80
1222.73
1230.78
1250.35
1268.46
1280.25
1317.24
1407.87
1412.80
1421.39
1448.93
1451.32
1461.95
1496.55
1499.48
1505.03
1506.50
1578.12
1589.25
2936.16
2941.27
2951.26
2955.38
3011.79
3012.28
3023.48
3025.32
3034.21
3041.06
3054.56
3067.45
3074.38
3086.72
3093.58
$end
