
$molecule
 P 1.79993894586851 -0.06827745361014 -3.02488591104987
 C 1.72608537424083 0.74488406622406 -4.70647560876953
 H 1.77612224993293 1.82137184541501 -4.52173814887616
 H 2.65060651192585 0.47212825354764 -5.22284440318829
 C 0.51482024691744 0.42447641205577 -5.57088765459547
 H -0.40858228824885 0.62787166851423 -5.03122018934370
 H 0.51272241451384 -0.61776921069181 -5.88030221424763
 H 0.52926009095358 1.04053149417896 -6.46898003971912
 C 0.12666810141033 0.38726371135089 -2.42554730986149
 C -0.81992607163840 -0.53046250742543 -1.98470730296562
 C -0.15960146870159 1.74662313095862 -2.31179533107323
 C -2.03796035470941 -0.09866155469008 -1.48836660043058
 C -1.37688836740160 2.17677088203522 -1.82122538387482
 C -2.32493630412467 1.25271999114514 -1.41266380693815
 H -0.61579513688378 -1.58956763339942 -2.02378295088448
 H 0.58380273125355 2.47217552691437 -2.61237239526553
 H -2.76682689368432 -0.82491929377145 -1.15741027398642
 H -1.58648322836216 3.23460659885410 -1.75142671485354
 H -3.27809483090341 1.58536287439122 -1.02855757891192
 C 1.52837981778741 -1.85313828946399 -3.49428003484247
 H 1.45829231500286 -2.40966519464698 -2.55505804809776
 H 0.58698035256903 -1.97177562317391 -4.03606449932680
 C 2.69595033635563 -2.39912194767456 -4.30609511211174
 H 3.63551189670450 -2.22214717908605 -3.78572854716917
 H 2.75225544144944 -1.92336773579270 -5.28257740689149
 H 2.58375111777845 -3.47173583215495 -4.45753953272472
$end
$temperature
298.15
$end
$mult
 1
$end
$sigma
 1
$end
$pressure
1.00000
$end
$scale
1.0
$end
$msrrho
$end
$freq
24.83
72.36
84.43
127.24
130.46
200.63
204.70
228.81
262.55
277.61
283.53
358.31
362.89
404.12
473.61
585.98
637.95
656.83
683.15
704.32
729.80
746.36
790.99
870.65
894.00
924.88
931.02
968.47
974.85
998.69
1012.92
1021.93
1065.69
1073.36
1086.19
1115.64
1123.72
1181.99
1203.71
1225.81
1227.52
1252.00
1266.73
1282.83
1316.81
1408.68
1410.85
1421.65
1451.21
1456.55
1462.12
1497.16
1501.20
1505.37
1507.96
1577.20
1588.99
2938.65
2942.19
2948.75
2961.40
3011.21
3013.08
3024.75
3024.86
3035.11
3039.50
3061.35
3068.51
3075.03
3087.08
3093.94
$end
