
$molecule
 P 1.93598670677119 -0.06650004569184 -2.92553676352909
 C 0.24304812140403 0.04659615880927 -2.14650294250502
 H 0.39919074485388 0.07312526598332 -1.06421544684649
 H -0.25614372192721 0.97488071232061 -2.43707206830089
 C -0.60821152362949 -1.16231244488181 -2.50929719280976
 H -0.10298046087550 -2.08188980024698 -2.22004015285307
 H -0.78649190319381 -1.19715226498152 -3.58291874305978
 H -1.56985328710345 -1.12195554848308 -2.00001094532959
 C 1.47844843295502 0.00574363207588 -4.70785819079013
 C 2.16181019321490 -0.85149179275675 -5.56321194102910
 C 0.51556535989549 0.85711537975216 -5.23760584925130
 C 1.89482191964505 -0.85832114751824 -6.92049516338880
 C 0.24546839926497 0.84851703787233 -6.59365765310476
 C 0.93394290797406 -0.00699341736828 -7.43812942757887
 H 2.90778230806079 -1.51650431131135 -5.15014233690323
 H -0.03358030184757 1.53090559454880 -4.59541990061825
 H 2.43403713974364 -1.52839338565765 -7.57451118741666
 H -0.50663714683551 1.51312633049688 -6.99510767061100
 H 0.71953610194848 -0.00946372387720 -8.49694497225638
 C 2.46099718906623 1.71726117096631 -2.74118303369019
 H 3.32414369212209 1.85195165428767 -3.39986355553825
 H 1.66455692277331 2.38049254432584 -3.08995285072599
 C 2.85009244916605 2.04978123267402 -1.30724468139356
 H 3.62193414253962 1.36779356279125 -0.95602658975196
 H 1.99279274050700 1.96586694608563 -0.64273792723596
 H 3.23386087350861 3.06677065978720 -1.24282081348227
$end
$temperature
298.15
$end
$mult
 1
$end
$sigma
 1
$end
$pressure
1.00000
$end
$scale
1.0
$end
$msrrho
$end
$freq
23.41
54.58
72.05
94.23
144.07
167.97
203.28
215.91
224.36
265.56
314.65
328.67
363.16
425.37
450.77
586.03
655.61
660.21
686.03
702.04
739.20
754.40
778.04
874.76
898.87
926.59
932.72
968.74
974.87
997.85
1013.14
1016.92
1071.43
1076.75
1083.11
1117.53
1121.35
1181.65
1199.10
1220.33
1225.48
1250.41
1255.59
1278.10
1315.61
1409.31
1411.45
1423.41
1446.27
1451.32
1458.93
1497.31
1498.55
1501.88
1502.26
1579.92
1589.64
2928.89
2934.30
2946.61
2949.75
3013.14
3014.20
3020.37
3026.75
3029.61
3033.71
3063.40
3063.95
3072.17
3077.54
3087.95
$end
