
$molecule
 P 1.64975373804804 -0.30519223394831 -3.04800654265876
 C 0.79062658765640 0.74900587436184 -1.76956299454967
 H -0.19729105332593 0.99049642686740 -2.17255361869107
 H 0.65034368533651 0.18722284062955 -0.84237722906047
 C 1.57303324265554 2.02783893882116 -1.50509097333850
 H 1.71308766423239 2.58579217468383 -2.42887713262438
 H 2.55543770914499 1.79497106510763 -1.09691856358223
 H 1.04517960165170 2.66232381282389 -0.79495387524580
 C 3.13186368439409 -0.80238764233837 -2.07433082893316
 C 3.08329964815062 -1.33604935610857 -0.79174592610097
 C 4.36945800633780 -0.62198002153913 -2.68190469084796
 C 4.24963067328654 -1.68058116692914 -0.13405496916736
 C 5.53707659154630 -0.96619787934063 -2.02466491817835
 C 5.47816701493187 -1.49688349440395 -0.74757967011563
 H 2.13455031260691 -1.48717950062300 -0.29617668829442
 H 4.40597078441297 -0.20683304555246 -3.67974303114650
 H 4.20125238020869 -2.09503281683602 0.86316387755203
 H 6.49274293070751 -0.82088853323894 -2.50747383552749
 H 6.38663772774507 -1.76749765794187 -0.22935804850195
 C 0.61839646321175 -1.84694227406234 -2.84062135497710
 H 0.48872353884222 -2.08169892127546 -1.78092773851282
 H -0.36677903884615 -1.62480267544677 -3.26116589879793
 C 1.24553598495207 -3.02365731392176 -3.57517363676484
 H 2.22284247083721 -3.25696240197029 -3.15519828089790
 H 1.37703998361665 -2.78726096957847 -4.62928490725115
 H 0.61496766765815 -3.90771722823981 -3.49548152378570
$end
$temperature
298.15
$end
$mult
 1
$end
$sigma
 1
$end
$pressure
1.00000
$end
$scale
1.0
$end
$msrrho
$end
$freq
17.89
50.31
65.02
121.05
122.30
164.11
199.60
213.93
232.27
295.30
318.43
320.44
363.62
401.32
450.37
586.10
657.50
668.69
687.43
704.80
735.16
753.31
780.15
875.04
899.16
926.87
932.99
969.38
975.72
998.58
1003.61
1020.14
1062.82
1082.78
1085.09
1116.95
1121.59
1181.68
1198.84
1217.02
1229.79
1244.60
1255.33
1278.90
1315.81
1410.38
1411.01
1423.54
1442.68
1449.87
1458.16
1497.18
1497.30
1501.62
1501.82
1579.96
1589.60
2931.59
2936.89
2944.69
2951.28
3013.97
3014.42
3019.53
3019.59
3029.53
3030.64
3061.38
3063.75
3070.76
3076.96
3087.69
$end
