
$molecule
 P 1.62142868805838 -0.24823623549324 -3.04565489907087
 C 1.43396528261131 1.51242644459133 -2.45502265542925
 H 0.42821498211485 1.83530328779121 -2.73945210200026
 H 1.51008531791439 1.55982614861199 -1.36555057805450
 C 2.47460962851355 2.41579138402629 -3.10193082723085
 H 2.39930385021529 2.36651639380341 -4.18646482022041
 H 3.47841337286419 2.10420784589227 -2.81684502247289
 H 2.33266817771668 3.44998860504951 -2.79244248873492
 C 3.22503041641050 -0.65971541908094 -2.23875067969495
 C 3.49834423105654 -0.45601960528116 -0.89114668337395
 C 4.21220546300530 -1.20726496843694 -3.05052416807339
 C 4.73354435790560 -0.79425559756138 -0.37015951960490
 C 5.44864981849754 -1.54554986634834 -2.53034043365946
 C 5.71096044256329 -1.33916333700884 -1.18697777791194
 H 2.74898197674726 -0.03184966394028 -0.23762817658420
 H 3.99846479979922 -1.36529922475998 -4.09871843060803
 H 4.93612125678464 -0.63225473984525 0.67925814067213
 H 6.20768052004275 -1.96999261826154 -3.17162068645827
 H 6.67452889594061 -1.60179515580476 -0.77507596418959
 C 0.45271196380073 -1.04960195081415 -1.83094488289184
 H 0.63303708858809 -0.67440080172138 -0.82022030652445
 H -0.55821983566758 -0.75354488524567 -2.12620817827227
 C 0.58391341680747 -2.56580550877257 -1.86917571304362
 H 1.58520592616622 -2.86870841595087 -1.56654884061803
 H 0.40722674044187 -2.93736171778118 -2.87668117847688
 H -0.13586377889872 -3.03166939765589 -1.19807012747163
$end
$temperature
298.15
$end
$mult
 1
$end
$sigma
 1
$end
$pressure
1.00000
$end
$scale
1.0
$end
$msrrho
$end
$freq
17.96
50.31
65.03
121.05
122.34
164.17
199.55
213.82
232.28
295.27
318.12
320.77
363.62
401.31
450.39
586.11
657.51
668.67
687.43
704.80
735.18
753.37
780.18
875.04
899.16
926.87
932.98
969.38
975.71
998.56
1003.60
1020.09
1062.82
1082.81
1085.07
1116.93
1121.57
1181.69
1198.83
1217.01
1229.77
1244.60
1255.32
1278.90
1315.82
1410.44
1411.10
1423.51
1442.64
1449.90
1458.05
1497.23
1497.35
1501.64
1501.84
1579.96
1589.64
2931.54
2936.85
2944.72
2951.16
3013.96
3014.44
3019.45
3019.66
3029.55
3030.66
3061.37
3063.72
3070.76
3076.95
3087.72
$end
