
$molecule
 P 1.90110804518237 -0.28476033452386 -3.02343062429303
 C 0.31997251544820 -0.81647862522716 -2.17922454819574
 H 0.15134792702825 -0.09566844175889 -1.37423289602600
 H -0.48105840084802 -0.67592464473852 -2.91093611084151
 C 0.28567925400227 -2.23155674284322 -1.61862401598818
 H 1.12510135683323 -2.40024374168043 -0.94627473639451
 H 0.32243694311666 -2.97241082725686 -2.41332205947834
 H -0.63636610276828 -2.38398789522581 -1.05945096608765
 C 3.06871532503979 -0.75084577666882 -1.68505135924154
 C 4.00376530762215 -1.77634029848730 -1.74215012242873
 C 3.02914688372646 0.05645850655660 -0.54947228017095
 C 4.85268051213215 -2.00889627596668 -0.67314468021511
 C 3.87167233483879 -0.17936279745881 0.51879787849745
 C 4.78631037637255 -1.21876983119839 0.46062459418933
 H 4.08064781853827 -2.40620071665931 -2.61520238100338
 H 2.32508852048751 0.87730662430937 -0.51307748150307
 H 5.57115596517114 -2.81464372492421 -0.72829598780663
 H 3.82151256122523 0.44964430182256 1.39603270829384
 H 5.44907132898818 -1.40651187224497 1.29266645747782
 C 2.07966040165294 -1.68589022030026 -4.23903553719898
 H 2.23238283704446 -2.63649615305926 -3.72359236091016
 H 1.13004500465270 -1.74147878472506 -4.77993876738929
 C 3.20997100143957 -1.41105157478816 -5.22426790616492
 H 4.16034140173340 -1.29650145277971 -4.70632552522534
 H 3.01598451863108 -0.49050690702832 -5.77093207460171
 H 3.30248636270892 -2.22572979314483 -5.94127121729407
$end
$temperature
298.15
$end
$mult
 1
$end
$sigma
 1
$end
$pressure
1.00000
$end
$scale
1.0
$end
$msrrho
$end
$freq
25.13
64.75
85.49
113.42
161.65
170.64
201.60
222.25
248.19
263.13
314.14
361.46
366.39
392.82
473.34
585.85
648.61
659.31
679.17
690.26
736.67
760.59
769.42
872.83
896.03
925.81
931.59
967.53
982.27
995.06
1013.53
1017.26
1063.79
1077.65
1084.88
1115.17
1123.40
1181.75
1203.82
1222.78
1230.74
1250.49
1268.40
1280.30
1317.25
1407.89
1412.81
1421.47
1449.03
1451.46
1461.65
1496.50
1499.47
1505.02
1506.35
1578.14
1589.28
2936.24
2941.29
2951.12
2955.55
3011.79
3012.32
3023.57
3025.41
3034.18
3041.13
3054.76
3067.47
3074.39
3086.74
3093.59
$end
