
$molecule
 P 1.76837636820026 -0.23119635697037 -2.83220542483346
 C 1.76771977951707 1.41231285145312 -3.72114802953416
 H 1.10567919778770 2.12258189085898 -3.21952677005430
 H 2.78919986064307 1.79987646730703 -3.67069624592349
 C 1.35072382327965 1.24414674143750 -5.17682027934457
 H 0.33076399487909 0.87138708123101 -5.24669279265115
 H 2.00602115130246 0.53590146578645 -5.67962964178411
 H 1.40340072638666 2.19624818346877 -5.70250749790117
 C 2.46139826717173 0.29865525401226 -1.21048212779732
 C 2.09916498910202 1.46466728580098 -0.54594607448368
 C 3.39524965876973 -0.54795018703941 -0.62307742435581
 C 2.66142197232483 1.77362571610260 0.67901601600841
 C 3.95555467292816 -0.24139387844972 0.60395138942944
 C 3.58891599281180 0.92253815194304 1.25731116450570
 H 1.37508100773305 2.13981716755779 -0.97898570427344
 H 3.67727051573515 -1.45443818629281 -1.14090149329941
 H 2.37361958084162 2.68322616179853 1.18720306662344
 H 4.67824840279276 -0.90902100651175 1.05060537557352
 H 4.02399414599226 1.16784673071052 2.21522460942856
 C -0.03333775725664 -0.28744906295111 -2.34374499010193
 H -0.32436480293645 0.66088312775756 -1.88302996627826
 H -0.61399165678263 -0.41718799570207 -3.26112483968544
 C -0.30119249690872 -1.44586410153208 -1.39333985661541
 H 0.26814236963286 -1.32236698921237 -0.47322682481798
 H -0.00724674204362 -2.38863599158928 -1.85061727447205
 H -1.35892702190378 -1.49954152097299 -1.14050836336235
$end
$temperature
298.15
$end
$mult
 1
$end
$sigma
 1
$end
$pressure
1.00000
$end
$scale
1.0
$end
$msrrho
$end
$freq
11.9
47.85
69.78
96.48
134.88
158.80
199.71
214.08
228.16
266.85
298.62
331.61
362.55
428.99
450.08
586.03
656.15
661.67
687.27
699.22
736.97
758.52
777.11
873.98
898.38
926.29
932.68
968.98
976.29
994.29
1012.78
1017.93
1071.51
1076.78
1083.27
1117.17
1121.10
1181.62
1197.94
1223.31
1228.47
1250.89
1253.38
1279.67
1315.37
1409.95
1410.50
1423.38
1439.66
1447.23
1457.19
1497.22
1498.77
1501.19
1502.31
1579.78
1589.55
2929.37
2937.94
2948.59
2951.13
3013.63
3014.45
3019.34
3025.67
3029.88
3033.38
3063.47
3064.73
3072.89
3077.94
3087.95
$end
