
$molecule
 P 1.44444689829843 -0.22301347524235 -2.71711320743629
 C 0.37391945931571 0.51511310623473 -4.05608490985045
 H -0.58465324696644 0.76341774581976 -3.59103690700502
 H 0.81649884485167 1.44051966714544 -4.43376199913607
 C 0.16145735508007 -0.47694025884514 -5.19108167672952
 H -0.27916430692777 -1.39769378107407 -4.81375477959230
 H 1.11125075203899 -0.72378653107260 -5.66322774369395
 H -0.50250885972240 -0.06073605798370 -5.94700567520210
 C 3.04132934595344 -0.32102841886067 -3.62944670853155
 C 3.71557068251154 -1.53616850192004 -3.58269380450009
 C 3.59911537359021 0.73086295472211 -4.34679197001713
 C 4.92285241665164 -1.70095028974003 -4.23775449916057
 C 4.80549439997939 0.56715215969911 -5.00210371244733
 C 5.47003440610836 -0.64737698857698 -4.94953934283518
 H 3.28070811893778 -2.35375395112521 -3.02428438565805
 H 3.09611530457706 1.68623984663687 -4.39966038990849
 H 5.43732311027679 -2.65009873713008 -4.19350319236611
 H 5.23093328700426 1.39129956501829 -5.55739253661885
 H 6.41249156407153 -0.77018377793235 -5.46315954751105
 C 1.74966630649773 1.34092319855572 -1.74507828635292
 H 2.02441302248155 2.15993243781092 -2.41492662569664
 H 0.80341620029816 1.60110614366378 -1.26171295154759
 C 2.83019088722422 1.12576484402335 -0.69451944371599
 H 3.77724147334394 0.87355817618605 -1.16932892548595
 H 2.55635070267105 0.30935814883009 -0.02907976748749
 H 2.97150050185253 2.02534977515718 -0.09762801151366
$end
$temperature
298.15
$end
$mult
 1
$end
$sigma
 1
$end
$pressure
1.00000
$end
$scale
1.0
$end
$msrrho
$end
$freq
17.92
50.36
65.08
121.10
122.34
164.13
199.56
213.88
232.22
295.30
318.41
320.43
363.61
401.37
450.37
586.13
657.50
668.66
687.38
704.80
735.15
753.34
780.21
875.02
899.15
926.85
932.97
969.39
975.74
998.58
1003.57
1020.14
1062.83
1082.81
1085.09
1116.94
1121.51
1181.71
1198.84
1217.03
1229.79
1244.59
1255.36
1278.93
1315.79
1410.36
1410.99
1423.62
1442.68
1449.84
1458.00
1497.22
1497.33
1501.63
1501.83
1579.97
1589.63
2931.50
2936.85
2944.70
2951.24
3014.00
3014.46
3019.48
3019.53
3029.49
3030.57
3061.36
3063.66
3070.72
3076.91
3087.71
$end
