
$molecule
 P 1.64863645779615 -0.42651165865832 -2.92728798196791
 C 1.89728004006318 1.21129429778339 -3.80912538504029
 H 2.81892842834008 1.16807930589116 -4.39600876801094
 H 1.06277820809210 1.34742682727756 -4.50074690261529
 C 1.93620675604200 2.37660160492991 -2.82745390783096
 H 2.74534219372360 2.26052743291364 -2.11013729542659
 H 1.00224944635485 2.43239544566878 -2.27215816288299
 H 2.07913787718004 3.31706964339950 -3.35784947798297
 C 0.86893214167006 -1.33050600659606 -4.32223303325210
 C 1.41349206008660 -2.42956231277742 -4.97464125448999
 C -0.41450049430393 -0.91408226211835 -4.67344529027494
 C 0.70779638499671 -3.06554226874701 -5.98221270156423
 C -1.11712229230936 -1.54699640835755 -5.67940060606198
 C -0.55299039394678 -2.62485226616534 -6.34281038542563
 H 2.39052781761756 -2.80075839058954 -4.70596036110784
 H -0.86187138435320 -0.08389832035037 -4.14216668835818
 H 1.14795232523310 -3.91361444184749 -6.48746096248328
 H -2.10793043485663 -1.20610296090291 -5.94365390881262
 H -1.09822237766128 -3.12387399235393 -7.13045647252273
 C 3.39021055288927 -1.08853493456873 -3.01225020220162
 H 3.34147588138828 -2.13922783872594 -2.71179199714066
 H 3.76213690218890 -1.03329173575669 -4.03992178815619
 C 4.32523541291708 -0.34340503676161 -2.06829714967424
 H 3.92099334615860 -0.33785360468881 -1.05774447327351
 H 4.46321229375115 0.68654281836679 -2.38946554770651
 H 5.30229285094185 -0.82398593626490 -2.04514429573605
$end
$temperature
298.15
$end
$mult
 1
$end
$sigma
 1
$end
$pressure
1.00000
$end
$scale
1.0
$end
$msrrho
$end
$freq
34.50
69.67
81.56
119.75
135.98
179.33
210.83
222.23
246.19
272.93
277.18
319.33
363.28
417.96
473.96
585.94
648.71
663.85
684.37
705.26
735.29
743.16
796.09
872.15
896.23
926.00
931.55
968.81
972.73
1009.30
1014.82
1019.55
1070.16
1073.29
1085.76
1115.36
1123.02
1181.71
1203.37
1224.31
1231.10
1251.10
1256.94
1281.78
1317.53
1408.99
1411.23
1421.58
1443.21
1453.01
1461.52
1493.95
1498.25
1503.16
1509.39
1577.76
1589.32
2923.84
2936.90
2944.32
2961.22
3012.14
3013.03
3025.84
3028.86
3035.23
3038.46
3050.80
3068.45
3074.36
3087.19
3095.07
$end
