
$molecule
 P 1.67403111823589 -0.30066999311023 -2.93465712146174
 C 0.10640260972747 0.46897622616150 -3.58962253933456
 H -0.29483310795236 -0.13748272309806 -4.40739483861367
 H -0.61257655430685 0.46766914393484 -2.76522713388580
 C 0.33097397119983 1.90290539663892 -4.05209772823574
 H 0.97792002055239 1.93364092232940 -4.92588901617796
 H 0.79291257127201 2.49030659434720 -3.26073741129829
 H -0.61725307146435 2.36852056971062 -4.31707835759418
 C 1.13807859184851 -2.04386081018785 -2.72301434214168
 C 2.14928037837172 -2.96076135584107 -2.43888342381558
 C -0.17855717387595 -2.48729404052308 -2.73190591581913
 C 1.85991159427752 -4.29231739688577 -2.21649766423842
 C -0.46881357829670 -3.82243675953730 -2.50656675731515
 C 0.54548105409467 -4.72917958259371 -2.25582819937431
 H 3.17395193040939 -2.61552156500591 -2.38951454847207
 H -0.98974097966989 -1.79931345822811 -2.91427947356241
 H 2.65710471557088 -4.99067414247853 -2.00546833097120
 H -1.49713710147167 -4.15474182659574 -2.52570456637112
 H 0.31337644445897 -5.76970653098006 -2.08228553090108
 C 2.60453345287710 -0.52555565061889 -4.54884322990090
 H 3.05418632049068 -1.52098193169873 -4.53931486820929
 H 1.89692568946046 -0.48238613137528 -5.38137527043920
 C 3.69859501097987 0.52256779787227 -4.71517518214335
 H 4.41646435513886 0.44986704330302 -3.90082694454913
 H 3.28482455008340 1.52831652487184 -4.70743688316585
 H 4.22755818798841 0.37548467958788 -5.65580072200841
$end
$temperature
298.15
$end
$mult
 1
$end
$sigma
 1
$end
$pressure
1.00000
$end
$scale
1.0
$end
$msrrho
$end
$freq
35.47
69.19
81.80
120.93
136.29
179.40
211.03
222.79
246.22
272.97
277.27
319.28
363.42
417.67
474.09
585.92
648.68
663.91
684.45
705.23
735.41
743.35
796.02
872.20
896.31
926.06
931.61
968.77
972.90
1009.27
1014.75
1019.39
1070.19
1073.27
1085.80
1115.28
1123.06
1181.71
1203.36
1224.37
1231.01
1251.07
1256.82
1281.80
1317.51
1409.10
1411.19
1421.56
1443.40
1453.00
1461.33
1494.05
1498.37
1503.12
1509.45
1577.66
1589.24
2923.71
2937.22
2944.53
2961.80
3012.11
3013.04
3025.68
3028.57
3035.11
3038.15
3050.92
3068.50
3074.30
3087.23
3094.94
$end
