
$molecule
 P 1.83420714071585 0.00734405966122 -2.93241962725130
 C 0.79932636014113 -1.38329659871514 -3.63274919355618
 H 0.14863950289141 -1.71472471408268 -2.81868215262364
 H 0.15724159502639 -0.93349155619879 -4.39580005186691
 C 1.55298962002409 -2.57490106729217 -4.20716314478128
 H 2.24778101914469 -2.98121866356718 -3.47415377650852
 H 2.11058887601593 -2.29754648878561 -5.09819029896935
 H 0.84851915238843 -3.35869036547418 -4.48191059704508
 C 2.90009160339878 -1.00240438662777 -1.82971739026514
 C 4.26333666081833 -1.21490093498558 -1.98995946655151
 C 2.26727406588662 -1.53407638326246 -0.70732457452216
 C 4.96639113142249 -1.97170446076243 -1.06775558732239
 C 2.96729745321033 -2.29375890541673 0.20892890032506
 C 4.32276319145273 -2.51822385760713 0.02821407399089
 H 4.79228716670798 -0.79761087814554 -2.83311295551814
 H 1.21236784029436 -1.34399544933450 -0.55968288623474
 H 6.02569877725323 -2.13463609086174 -1.20844418082718
 H 2.45967151455495 -2.70727588548595 1.06859834878046
 H 4.87552389877925 -3.11008531199604 0.74301988090393
 C 2.93825513535480 0.32780105765430 -4.39926991472802
 H 3.57369599978661 -0.53536812839065 -4.60867780654195
 H 2.27167705909437 0.47455021333348 -5.25457861281545
 C 3.77567699770279 1.58382253219533 -4.18726361849778
 H 4.41173964793545 1.48590221438516 -3.30954668461125
 H 3.12857400266822 2.44512172644526 -4.03464774348066
 H 4.40787958733107 1.77575732331711 -5.05320993948227
$end
$temperature
298.15
$end
$mult
 1
$end
$sigma
 1
$end
$pressure
1.00000
$end
$scale
1.0
$end
$msrrho
$end
$freq
24.88
64.79
85.88
113.55
161.61
170.80
201.43
222.27
248.38
263.46
313.80
361.55
366.46
392.52
473.51
585.87
648.59
659.34
679.12
690.13
736.73
760.56
769.47
872.80
896.00
925.82
931.59
967.52
982.41
995.11
1013.63
1017.26
1063.78
1077.66
1084.92
1115.16
1123.45
1181.76
1203.85
1222.88
1230.71
1250.65
1268.35
1280.33
1317.23
1407.88
1412.84
1421.39
1449.00
1451.52
1461.68
1496.50
1499.46
1505.06
1506.30
1578.06
1589.28
2936.18
2941.36
2951.05
2955.74
3011.71
3012.26
3023.64
3025.48
3034.20
3041.13
3055.06
3067.54
3074.37
3086.76
3093.72
$end
