
$molecule
 P 1.65635771457523 -0.05142356999475 -3.10739295054353
 C 0.27897444130016 1.11718978421968 -3.58329495796227
 H 0.19302866943805 1.82871218968371 -2.75658553557104
 H 0.66822994703358 1.68226877861508 -4.43674439200535
 C -1.08662392454339 0.54274300512561 -3.94667084140932
 H -1.44819816258287 -0.15347939324024 -3.19368206552657
 H -1.04816959199518 0.02300770303584 -4.90068798829675
 H -1.80896831327807 1.35337291654137 -4.03665429907183
 C 1.10755287489644 -0.70860302549633 -1.48225361381874
 C 1.96972780342628 -1.62451595848407 -0.88099918834543
 C -0.02395059867183 -0.30493081000893 -0.78347994172768
 C 1.67698698523203 -2.17329509776593 0.35241134247722
 C -0.31336859089751 -0.84944146670945 0.45603157123133
 C 0.52548654877929 -1.79315543144586 1.02201812496217
 H 2.88674528178692 -1.89264334587623 -1.38728693705710
 H -0.68583041815171 0.44362163786204 -1.19026774613443
 H 2.35156224149374 -2.89014971979172 0.79853775069701
 H -1.20108003056075 -0.53056598025060 0.98410748405190
 H 0.29201643933790 -2.21828698433496 1.98722890721009
 C 1.19239368746645 -1.50423227476509 -4.19357033177093
 H 0.20372251271168 -1.87650433235474 -3.91575199211627
 H 1.14342108543831 -1.09962566626595 -5.20904933843457
 C 2.21011875846436 -2.63503936441034 -4.15173256589151
 H 2.19440868348740 -3.13574446442023 -3.18666518882809
 H 3.21408444338455 -2.25432175923816 -4.33013906031465
 H 1.98116251243233 -3.37366437022668 -4.91883624581014
$end
$temperature
298.15
$end
$mult
 1
$end
$sigma
 1
$end
$pressure
1.00000
$end
$scale
1.0
$end
$msrrho
$end
$freq
4.3
78.76
103.71
129.99
165.19
192.75
210.88
232.03
253.19
259.48
287.23
366.07
377.51
409.34
465.16
585.65
644.88
660.43
678.36
688.29
738.17
752.30
776.35
877.80
901.24
929.03
933.66
968.11
992.15
1000.71
1018.71
1021.43
1060.46
1081.51
1085.17
1114.81
1121.66
1181.55
1203.54
1228.87
1232.44
1251.71
1275.30
1281.22
1316.02
1408.24
1410.81
1420.90
1442.90
1454.99
1465.01
1497.68
1503.05
1507.55
1513.42
1577.26
1588.93
2928.89
2938.48
2949.11
2951.82
3009.08
3011.22
3025.48
3034.27
3038.65
3043.08
3062.99
3067.15
3074.53
3086.68
3099.59
$end
