
$molecule
 P 1.79352304110439 -0.22989504337488 -2.98073910551638
 C 0.99786450770522 1.46650229416996 -2.85058909773557
 H 1.79848474379655 2.20899456405853 -2.85119857189489
 H 0.37027814247797 1.64247758681682 -3.72791350733660
 C 0.18522841619758 1.61317767957139 -1.56941284916227
 H 0.82055778440930 1.45612921501718 -0.70011118191924
 H -0.62163935296241 0.88449567417418 -1.52848045538204
 H -0.24978930925253 2.60961522174288 -1.50476684291138
 C 0.80304249712941 -0.89611440612649 -4.37602149932094
 C 1.36426212050099 -1.55552209134908 -5.46428982323304
 C -0.58614029132660 -0.84160747224371 -4.27861815950986
 C 0.55960630929074 -2.09875273555252 -6.45035986557561
 C -1.38947040614447 -1.38485952310429 -5.26251001487809
 C -0.81826176737204 -2.01076080411894 -6.35797961360447
 H 2.43585153906423 -1.64871010225917 -5.55409162282801
 H -1.04250111936557 -0.36738831726997 -3.42143561862488
 H 1.01373125926455 -2.59647900114434 -7.29543109806326
 H -2.46477956355811 -1.32393399850952 -5.17313281414990
 H -1.44361606521433 -2.43461101693205 -7.12992590799248
 C 3.34740102129721 0.27247633836777 -3.88719265685948
 H 3.80010156327834 -0.63673361573329 -4.28844997834495
 H 3.09195757538863 0.93234849053933 -4.72188707435452
 C 4.34808508206493 0.93374900841462 -2.94769507541178
 H 4.59745322807191 0.26031201712471 -2.13006847892936
 H 3.94897063011768 1.85084445543254 -2.51920037616572
 H 5.26376841403702 1.18122558228685 -3.48237471029689
$end
$temperature
298.15
$end
$mult
 1
$end
$sigma
 1
$end
$pressure
1.00000
$end
$scale
1.0
$end
$msrrho
$end
$freq
20.71
67.52
78.38
124.36
130.83
168.44
195.06
225.94
230.67
272.34
290.41
331.14
360.52
402.15
471.81
586.13
650.51
657.14
683.86
696.36
735.94
757.08
775.16
867.41
891.94
923.75
930.46
968.13
983.80
994.67
1012.41
1018.89
1069.89
1074.83
1086.82
1115.28
1124.08
1181.97
1202.63
1226.33
1227.70
1251.83
1258.19
1285.02
1316.66
1409.63
1413.72
1421.10
1442.25
1446.89
1458.12
1497.07
1499.14
1501.32
1503.41
1577.03
1588.91
2929.00
2945.81
2961.00
2964.37
3012.29
3014.61
3024.01
3024.78
3032.77
3033.58
3067.31
3069.84
3078.11
3086.72
3091.90
$end
