
$molecule
 P 1.66368304211655 -0.17764647867758 -2.79559005854814
 C 0.52145603319412 0.35007833944888 -1.41696807347933
 H -0.46823619593885 0.48630216090820 -1.86271020648991
 H 0.44703042425616 -0.43515601646130 -0.66013058083142
 C 0.99448541699948 1.65349741251245 -0.78859287656949
 H 1.06915391644470 2.43412509458645 -1.54314171325394
 H 1.97666616148523 1.52322294344108 -0.33658442416964
 H 0.30013331024996 1.98359558187454 -0.01761331968425
 C 3.15505846862782 -0.59962543291881 -1.80071756967719
 C 3.14252131002290 -1.42487122900316 -0.68222638531618
 C 4.36103799279392 -0.04482342424183 -2.21436804658250
 C 4.31309589225103 -1.68731709009304 0.00515638564689
 C 5.53281031901152 -0.30658132267033 -1.52718481569283
 C 5.50991319061369 -1.12977318307011 -0.41459648396388
 H 2.21889356752774 -1.86943280093199 -0.33900082202030
 H 4.36959072672337 0.59687560610979 -3.08474021790411
 H 4.29290118040860 -2.33057788380251 0.87369878922773
 H 6.46365218121896 0.13067344749697 -1.85865015793147
 H 6.42182493083144 -1.33789563511393 0.12598514419434
 C 0.97562339974367 -1.89344724314956 -3.05306251477389
 H 0.83664907047085 -2.39844327310828 -2.09360185487317
 H -0.00750034155561 -1.77162470084654 -3.51715763240601
 C 1.88296410225294 -2.71221067547761 -3.96075495285817
 H 2.86159972215208 -2.84390625541760 -3.50152357135003
 H 2.02127629986197 -2.20772310339995 -4.91505617542666
 H 1.45415087823451 -3.69521683799529 -4.14866986526676
$end
$temperature
298.15
$end
$mult
 1
$end
$sigma
 1
$end
$pressure
1.00000
$end
$scale
1.0
$end
$msrrho
$end
$freq
17.83
50.32
65.05
121.11
122.31
164.13
199.57
213.88
232.31
295.30
318.47
320.40
363.62
401.37
450.35
586.09
657.50
668.73
687.39
704.84
735.16
753.36
780.15
875.01
899.16
926.85
932.99
969.39
975.69
998.52
1003.55
1020.08
1062.81
1082.80
1085.08
1116.94
1121.58
1181.71
1198.84
1217.01
1229.75
1244.54
1255.30
1278.92
1315.82
1410.35
1411.01
1423.54
1442.69
1449.90
1458.00
1497.20
1497.31
1501.63
1501.83
1580.06
1589.64
2931.58
2936.92
2944.67
2951.24
3013.95
3014.42
3019.49
3019.55
3029.51
3030.61
3061.43
3063.60
3070.74
3076.95
3087.62
$end
