
$molecule
 P 1.39125303550112 -0.45834575497815 -3.07063014753964
 C 2.78958769755117 0.71250088736565 -3.48548508157236
 H 3.74203338562384 0.26658486772651 -3.18338302186403
 H 2.79256349512354 0.80469085441278 -4.57579230053775
 C 2.60951905005528 2.08456584601223 -2.85221490717080
 H 2.67408606535543 2.02331749764636 -1.76797575029651
 H 1.63906139932794 2.50082920787357 -3.11562119393183
 H 3.38300872156717 2.76772754962018 -3.20014280629775
 C 2.14316602024584 -1.94309317774390 -3.85615665395233
 C 3.29757452746743 -2.56462712432586 -3.39358026123259
 C 1.51134753008259 -2.44972658604728 -4.98623781378886
 C 3.80660480054518 -3.66914665784647 -4.05182900123302
 C 2.02198669675762 -3.55272756996190 -5.64657349838819
 C 3.17199549268238 -4.16507035513421 -5.17882769325033
 H 3.80388419867188 -2.19064304655557 -2.51527224627832
 H 0.61040594771218 -1.96914026214958 -5.34206763760446
 H 4.70435551181950 -4.14602097664290 -3.68433674057865
 H 1.52206152650095 -3.93703732645292 -6.52399657493073
 H 3.57351163326722 -5.02830467887476 -5.68935529663974
 C 1.78520904079528 -0.81221932605489 -1.27371119242394
 H 1.66447736932870 -1.88793558060295 -1.11961971280072
 H 2.82031991517684 -0.54174957196258 -1.04871461735348
 C 0.83055429632582 -0.06076452084477 -0.35232731466292
 H -0.19726551789877 -0.35274823193259 -0.55717159183588
 H 0.90953652944599 1.01415846027490 -0.49940972063063
 H 1.05110763096850 -0.28263442282046 0.69091177679396
$end
$temperature
298.15
$end
$mult
 1
$end
$sigma
 1
$end
$pressure
1.00000
$end
$scale
1.0
$end
$msrrho
$end
$freq
31.24
72.74
79.54
98.35
120.36
177.30
204.45
217.64
244.68
265.35
271.81
326.12
363.04
441.72
455.74
585.97
655.82
660.34
686.28
702.74
734.07
741.05
789.12
875.12
899.27
927.02
932.52
969.48
971.42
1010.22
1014.73
1018.08
1071.14
1073.69
1083.06
1118.30
1120.54
1181.61
1198.56
1222.56
1231.59
1252.22
1255.33
1278.15
1315.33
1408.14
1411.35
1423.66
1444.35
1451.27
1457.58
1494.74
1497.78
1502.79
1507.74
1579.73
1589.46
2925.66
2935.76
2945.69
2949.88
3011.80
3012.70
3025.93
3028.51
3033.11
3036.46
3063.84
3065.77
3074.04
3079.02
3088.16
$end
